Xjk=
0 0 0 0 0 0 0 0 0 0 0 0 0 0 85 0 0 44 0 0 0 0 0 0 0 32 0 0 0 30 0 0 0 34 0 0 0 0 0 0 0 0 79 0 30 0 72 26 0 0
0 0 0 0 0 0 0 0 0 85 0 0 0 0 0 0 0 0 0 60 0 0 0 0 0 0 39 0 0 0 42 0 0 0 0 0 78 0 0 0 68 0 0 81 0 0 0 0 0 0
0 0 0 0 28 0 0 0 0 0 0 0 0 0 0 0 0 0 0 0 22 32 0 0 0 0 0 0 54 0 0 57 0 0 98 0 0 70 0 0 0 0 0 0 0 0 0 0 0 71
0 47 0 0 0 0 0 0 0 0 0 0 0 0 0 0 0 0 68 0 0 0 0 0 94 0 0 66 0 0 0 0 80 0 0 35 0 0 0 0 0 0 0 0 0 12 0 0 0 0
94 0 0 0 0 0 0 0 0 0 0 0 0 0 0 0 0 53 0 0 0 0 0 0 0 0 0 22 0 0 50 0 0 0 0 0 0 0 0 48 0 96 0 0 0 0 0 0 36 28
0 0 91 31 0 0 0 32 0 0 0 61 92 0 0 30 0 0 0 0 0 0 14 0 0 0 0 0 0 0 0 0 0 0 0 0 0 0 34 0 0 0 0 0 0 0 0 0 49 0
0 0 0 0 0 12 43 0 30 0 99 0 0 93 0 0 10 0 0 0 0 0 70 58 0 0 0 0 0 0 0 0 0 0 0 0 0 0 0 0 0 0 0 0 0 0 0 0 0 0
0 0 0 0 0 0 0 0 0 0 0 0 0 0 0 0 11 0 0 0 0 0 0 0 0 0 0 0 0 0 0 0 0 0 0 0 0 0 0 0 0 0 0 0 0 0 0 0 0 0
0 0 0 0 0 0 0 0 0 0 0 0 0 0 0 0 0 0 0 0 0 0 0 0 0 0 0 0 0 0 0 0 0 0 0 0 0 0 0 0 0 0 0 0 0 0 0 0 0 0
0 0 0 0 0 0 0 0 0 0 0 0 0 0 0 0 0 0 0 0 0 0 0 0 0 0 0 0 0 0 0 0 0 0 0 0 0 0 0 0 0 0 0 0 0 0 0 0 0 0
Uj=		 [1, 1, 1, 1, 1, 1, 1, 1, 0, 0]
Dk=		 [94 47 91 31 28 12 43 32 30 85 99 61 92 93 85 30 21 97 68 60 22 32 84 58 94 32 39 88 54 30 92 57 80 34 98 35 78 70 34 48 68 96 79 81 30 12 72 26 85 99]
Optim        = 198339
Cost     D2R = 174357
Cost fix D2R = 23982
