Xjk=
20 0 0 0 0 0 0 85 0 0 0 0 0 0 0 0 0 0 49 0 0 20 47 0 11 0 0 0 0 0 38 0 0 0 0 0 0 81 0 0 46 0 0 0 0 0 0 57 0 0
0 0 0 0 0 0 92 0 0 0 0 0 0 0 40 0 0 91 0 0 0 0 0 0 0 0 0 17 0 25 0 0 0 0 0 0 0 0 0 39 0 78 0 17 0 42 0 0 0 44
0 42 0 0 0 0 0 0 0 0 0 0 0 0 0 78 0 0 0 98 0 0 0 0 0 0 61 0 0 0 0 0 36 88 0 0 22 0 0 0 0 0 0 0 0 0 0 0 0 52
0 0 0 0 0 0 0 0 44 0 56 62 0 33 0 0 0 0 0 0 0 0 0 73 0 0 0 0 32 0 0 0 0 0 0 52 0 0 71 0 0 0 0 0 0 0 50 0 0 0
0 4 61 76 98 0 0 0 0 0 0 0 0 0 0 0 81 0 0 0 62 0 4 0 0 0 0 0 0 0 0 0 0 0 0 0 0 0 0 0 0 0 0 0 0 0 0 0 88 0
0 31 0 0 0 27 0 0 0 17 0 0 29 0 0 0 0 0 0 0 0 0 0 0 0 38 0 0 0 0 0 96 0 0 67 0 0 0 0 0 0 0 18 0 71 0 0 0 0 0
0 0 0 0 0 0 0 0 0 0 0 0 0 0 0 0 0 0 0 0 0 0 0 0 0 0 0 0 0 0 0 0 0 0 0 0 0 0 0 0 0 0 0 0 0 0 0 0 0 0
0 0 0 0 0 0 0 0 0 0 0 0 0 0 0 0 0 0 0 0 0 0 0 0 0 0 0 0 0 0 0 0 0 0 0 0 0 0 0 0 0 0 0 0 0 0 0 0 0 0
0 0 0 0 0 0 0 0 0 0 0 0 0 0 0 0 0 0 0 0 0 0 0 0 0 0 0 0 0 0 0 0 0 0 0 0 0 0 0 0 0 0 0 0 0 0 0 0 0 0
0 0 0 0 0 0 0 0 0 0 0 0 0 0 0 0 0 0 0 0 0 0 0 0 0 0 0 0 0 0 0 0 0 0 0 0 0 0 0 0 0 0 0 0 0 0 0 0 0 0
Uj=		 [1, 1, 1, 1, 1, 1, 0, 0, 0, 0]
Dk=		 [20 77 61 76 98 27 92 85 44 17 56 62 29 33 40 78 81 91 49 98 62 20 51 73 11 38 61 17 32 25 38 96 36 88 67 52 22 81 71 39 46 78 18 17 71 42 50 57 88 96]
Optim        = 183404
Cost     D2R = 158748
Cost fix D2R = 24656
