Xjk=
0 0 0 0 0 0 0 0 0 0 37 0 0 0 0 0 0 0 70 0 0 0 0 0 0 0 0 0 0 0 14 94 0 0 0 0 0 0 0 0 0 12 0 0 0 0 0 91 54 46
41 47 0 0 0 0 43 0 79 44 0 0 0 0 0 0 0 0 0 0 0 0 0 0 0 0 0 0 0 0 0 0 59 0 0 10 0 39 0 0 0 0 0 27 0 33 0 0 0 0
0 0 0 41 0 0 0 0 0 0 0 0 0 20 0 29 0 0 0 0 63 0 34 0 0 0 0 0 94 72 0 0 0 13 0 62 0 0 0 0 0 0 0 0 0 0 0 0 0 0
0 0 0 0 0 0 0 52 0 0 0 0 0 0 0 0 0 0 0 0 0 0 0 0 0 0 0 0 0 0 0 0 0 0 0 0 66 0 0 30 0 0 53 0 72 0 84 0 0 48
0 0 0 0 60 0 0 0 0 0 0 0 0 0 48 0 0 76 0 83 0 0 0 0 0 50 47 0 0 0 0 0 0 43 12 0 0 0 0 0 0 0 0 0 0 0 0 0 0 0
0 0 75 0 0 27 0 0 0 0 0 0 40 0 0 0 84 0 0 0 0 0 0 74 58 0 0 0 0 0 0 0 0 0 17 0 0 0 0 0 48 0 0 0 0 0 0 0 0 0
0 0 0 0 0 0 0 0 0 0 0 99 0 0 0 0 0 0 0 0 0 30 0 0 29 0 0 90 0 0 0 0 0 0 0 0 0 0 24 48 0 0 0 0 0 0 0 0 0 0
0 0 0 0 0 0 0 0 0 0 0 0 0 0 0 0 0 0 0 0 0 0 0 0 0 0 0 0 0 0 0 0 0 0 0 0 0 0 0 0 0 0 0 0 0 0 0 0 0 0
0 0 0 0 0 0 0 0 0 0 0 0 0 0 0 0 0 0 0 0 0 0 0 0 0 0 0 0 0 0 0 0 0 0 0 0 0 0 0 0 0 0 0 0 0 0 0 0 0 0
0 0 0 0 0 0 0 0 0 0 0 0 0 0 0 0 0 0 0 0 0 0 0 0 0 0 0 0 0 0 0 0 0 0 0 0 0 0 0 0 0 0 0 0 0 0 0 0 0 0
Uj=		 [1, 1, 1, 1, 1, 1, 1, 0, 0, 0]
Dk=		 [41 47 75 41 60 27 43 52 79 44 37 99 40 20 48 29 84 76 70 83 63 30 34 74 87 50 47 90 94 72 14 94 59 56 29 72 66 39 24 78 48 12 53 27 72 33 84 91 54 94]
Optim        = 189919
Cost     D2R = 166495
Cost fix D2R = 23424
