Xjk=
99 0 0 0 0 0 0 0 49 0 69 0 79 0 0 0 0 0 0 0 0 0 0 0 0 0 0 0 0 2 0 0 0 0 0 0 0 0 0 0 0 0 0 0 0 97 0 24 0 0
0 0 0 0 0 0 0 0 0 54 0 0 0 0 0 0 0 0 0 98 0 0 0 47 0 0 0 0 0 0 76 88 0 0 0 95 0 0 0 0 0 0 0 0 0 0 0 0 0 0
0 78 0 0 7 40 0 0 0 0 0 0 0 0 0 0 34 45 0 0 40 0 0 0 33 0 0 0 0 0 0 0 0 10 33 0 0 0 88 13 0 0 0 0 0 0 0 0 0 0
0 0 77 0 0 0 81 0 0 0 0 29 0 0 0 0 0 0 0 0 0 92 0 0 0 0 0 0 0 0 0 0 67 0 0 0 0 0 0 0 0 0 0 0 48 0 0 0 93 0
0 0 0 28 21 0 0 0 0 0 0 50 0 46 0 0 0 0 24 0 0 0 66 0 0 0 70 13 0 14 0 0 0 0 0 0 63 0 0 0 44 0 33 0 0 0 0 0 0 0
0 0 0 0 0 0 0 89 0 0 0 0 0 0 16 81 0 0 0 0 0 0 0 40 0 68 0 6 38 0 0 0 0 0 0 0 0 0 0 0 0 44 0 14 0 0 58 0 0 0
0 0 0 0 0 0 0 0 0 0 0 0 0 0 0 0 0 0 0 0 0 0 0 0 0 0 0 0 0 0 0 0 0 0 0 0 0 23 0 0 0 0 0 17 0 0 0 0 0 68
0 0 0 0 0 0 0 0 0 0 0 0 0 0 0 0 0 0 0 0 0 0 0 0 0 0 0 0 0 0 0 0 0 0 0 0 0 0 0 0 0 0 0 0 0 0 0 0 0 0
0 0 0 0 0 0 0 0 0 0 0 0 0 0 0 0 0 0 0 0 0 0 0 0 0 0 0 0 0 0 0 0 0 0 0 0 0 0 0 0 0 0 0 0 0 0 0 0 0 0
0 0 0 0 0 0 0 0 0 0 0 0 0 0 0 0 0 0 0 0 0 0 0 0 0 0 0 0 0 0 0 0 0 0 0 0 0 0 0 0 0 0 0 0 0 0 0 0 0 0
Uj=		 [1, 1, 1, 1, 1, 1, 1, 0, 0, 0]
Dk=		 [99 78 77 28 28 40 81 89 49 54 69 79 79 46 16 81 34 45 24 98 40 92 66 87 33 68 70 19 38 16 76 88 67 10 33 95 63 23 88 13 44 44 33 31 48 97 58 24 93 68]
Optim        = 188391
Cost     D2R = 163703
Cost fix D2R = 24688
