Xjk=
0 0 0 0 0 0 0 70 0 0 19 0 0 0 0 0 0 0 0 0 0 0 0 0 0 0 0 0 0 0 0 0 0 0 0 0 0 0 0 14 0 0 0 0 0 0 75 0 100 61
0 0 0 0 0 0 0 0 0 0 0 42 0 0 0 0 0 22 0 0 42 0 0 0 0 0 0 0 0 0 69 0 68 0 0 0 0 91 0 0 0 0 0 0 0 0 0 0 0 0
0 0 0 0 0 0 0 0 0 0 0 0 0 87 0 0 0 0 0 0 0 0 0 0 43 0 0 0 0 0 0 0 0 39 86 0 44 0 0 0 0 0 0 0 0 0 0 37 0 0
0 0 58 0 96 94 1 0 0 0 0 0 0 0 0 0 13 0 0 0 0 0 0 24 0 0 0 0 0 0 0 0 0 0 0 0 0 0 0 0 0 0 0 0 0 58 0 0 0 0
0 0 0 24 0 0 57 0 0 0 0 0 0 0 0 62 0 52 0 58 0 0 0 0 0 0 0 0 0 0 0 0 0 0 0 0 0 0 0 0 25 0 50 14 0 0 0 0 0 0
0 0 0 0 0 0 0 0 0 0 0 0 0 0 0 0 0 0 41 0 0 0 0 0 0 55 0 0 0 0 0 56 0 0 0 91 19 0 79 0 0 18 0 0 0 0 0 0 0 0
8 27 0 0 0 0 0 0 0 0 0 0 0 0 0 0 0 0 0 0 0 48 0 0 0 29 73 20 0 91 0 0 0 0 0 0 0 0 0 0 0 0 0 0 51 0 0 0 0 0
87 0 0 0 0 0 0 0 22 0 0 0 58 0 84 0 0 0 0 0 0 0 0 0 0 0 0 0 100 0 0 0 0 0 0 0 0 0 0 0 0 0 0 0 0 0 0 0 0 0
0 0 0 0 0 0 0 0 0 30 0 0 2 0 0 0 0 0 0 0 0 0 57 0 0 0 0 0 0 0 0 0 0 0 0 0 0 0 0 77 0 0 38 0 0 0 0 0 0 0
0 0 0 0 0 0 0 0 0 0 0 0 0 0 0 0 0 0 0 0 0 0 0 0 0 0 0 0 0 0 0 0 0 0 0 0 0 0 0 0 0 0 0 0 0 0 0 0 0 0
Uj=		 [1, 1, 1, 1, 1, 1, 1, 1, 1, 0]
Dk=		 [95 27 58 24 96 94 58 70 22 30 19 42 60 87 84 62 13 74 41 58 42 48 57 24 43 84 73 20 100 91 69 56 68 39 86 91 63 91 79 91 25 18 88 14 51 58 75 37 100 61]
Optim        = 203424
Cost     D2R = 179495
Cost fix D2R = 23929
