Xjk=
51 0 0 0 0 39 0 0 0 0 0 84 0 28 0 0 0 0 0 0 0 0 0 0 49 0 0 88 46 0 0 54 0 0 0 84 0 0 0 0 0 0 0 0 0 0 0 0 0 0
0 0 46 52 0 0 70 0 0 0 17 0 19 0 0 0 42 0 0 0 0 0 22 0 0 0 0 0 0 0 46 0 0 0 0 0 0 97 0 0 0 0 61 71 0 0 0 0 0 0
0 96 0 29 0 0 0 0 0 28 0 0 0 0 0 0 0 77 0 0 53 0 0 31 0 0 19 0 0 0 0 0 0 0 27 0 67 0 0 0 99 0 0 0 18 90 0 0 0 0
0 0 0 0 0 0 0 73 59 0 0 0 0 0 0 42 0 0 85 0 0 0 0 0 0 95 0 0 0 50 0 0 0 0 0 0 0 0 0 22 0 82 0 0 0 0 0 0 0 78
0 0 0 0 57 27 0 0 0 0 0 0 0 0 64 0 0 0 0 19 0 22 0 0 0 0 0 0 0 0 0 0 88 78 0 0 0 0 22 0 0 0 0 0 18 0 54 66 0 0
0 0 0 0 0 0 0 0 0 0 0 0 0 0 0 0 0 0 0 0 0 0 0 0 0 0 0 0 0 0 0 0 0 0 0 0 0 0 25 0 0 0 0 0 0 0 0 0 54 0
0 0 0 0 0 0 0 0 0 0 0 0 0 0 0 0 0 0 0 0 0 0 0 0 0 0 0 0 0 0 0 0 0 0 0 0 0 0 0 0 0 0 0 0 0 0 0 0 0 0
0 0 0 0 0 0 0 0 0 0 0 0 0 0 0 0 0 0 0 0 0 0 0 0 0 0 0 0 0 0 0 0 0 0 0 0 0 0 0 0 0 0 0 0 0 0 0 0 0 0
0 0 0 0 0 0 0 0 0 0 0 0 0 0 0 0 0 0 0 0 0 0 0 0 0 0 0 0 0 0 0 0 0 0 0 0 0 0 0 0 0 0 0 0 0 0 0 0 0 0
0 0 0 0 0 0 0 0 0 0 0 0 0 0 0 0 0 0 0 0 0 0 0 0 0 0 0 0 0 0 0 0 0 0 0 0 0 0 0 0 0 0 0 0 0 0 0 0 0 0
Uj=		 [1, 1, 1, 1, 1, 1, 0, 0, 0, 0]
Dk=		 [51 96 46 81 57 66 70 73 59 28 17 84 19 28 64 42 42 77 85 19 53 22 22 31 49 95 19 88 46 50 46 54 88 78 27 84 67 97 47 22 99 82 61 71 36 90 54 66 54 78]
Optim        = 195781
Cost     D2R = 171088
Cost fix D2R = 24693
