Xjk=
0 0 0 0 0 0 0 0 0 0 0 0 0 0 0 0 46 0 0 0 33 0 0 0 0 0 84 0 0 0 0 0 0 0 0 0 0 67 0 0 0 0 0 0 0 27 83 0 0 0
0 0 0 84 0 0 0 0 0 0 0 0 0 0 0 0 0 0 0 0 0 0 0 0 0 0 0 0 0 0 0 0 0 0 0 0 0 0 0 0 0 0 0 60 0 0 0 0 0 0
0 0 0 0 0 0 0 0 0 0 0 0 0 0 0 0 0 48 0 0 0 0 0 0 0 0 0 0 0 74 0 0 0 0 0 0 0 0 0 0 20 30 0 0 0 0 0 0 0 38
0 0 0 0 0 0 0 0 0 0 0 0 0 0 0 0 0 0 35 14 0 0 0 0 0 0 0 0 0 0 0 0 0 95 82 0 0 0 0 0 0 0 0 0 0 48 0 0 56 0
57 0 0 0 0 0 0 0 0 0 0 0 0 0 0 0 0 0 0 0 0 0 0 0 0 0 0 0 0 0 0 0 0 0 0 0 72 0 0 0 0 0 0 0 0 0 0 0 0 0
0 0 0 0 0 0 0 0 0 0 95 0 0 0 0 0 0 0 33 0 0 0 69 0 0 0 0 0 0 0 0 0 0 0 0 92 0 0 0 0 0 0 0 0 0 0 0 75 0 0
0 38 0 0 0 0 49 0 0 0 0 0 48 0 13 0 0 0 0 0 0 0 0 0 89 0 0 0 0 0 62 0 34 0 0 0 0 0 39 0 0 0 0 0 0 0 2 0 0 0
0 48 21 0 0 0 0 0 0 69 0 72 0 0 0 0 0 0 0 0 0 33 0 0 0 0 0 0 96 0 0 0 0 0 0 0 0 0 0 0 0 0 0 0 0 0 0 0 0 0
0 0 0 0 81 43 0 32 0 0 0 0 0 0 0 39 0 0 0 0 0 0 0 0 0 36 0 0 0 0 0 31 0 0 0 0 0 0 0 0 0 0 54 0 17 0 0 0 0 0
0 0 0 0 0 0 0 0 67 0 0 0 0 47 0 0 0 0 0 0 0 0 0 30 0 0 0 35 0 0 0 0 0 0 0 0 0 0 0 31 0 0 0 0 0 0 0 0 0 0
Uj=		 [1, 1, 1, 1, 1, 1, 1, 1, 1, 1]
Dk=		 [57 86 21 84 81 43 49 32 67 69 95 72 48 47 13 39 46 48 68 14 33 33 69 30 89 36 84 35 96 74 62 31 34 95 82 92 72 67 39 31 20 30 54 60 17 75 85 75 56 38]
Optim        = 168199
Cost     D2R = 149542
Cost fix D2R = 18657
