Xjk=
0 0 79 0 0 0 70 17 0 0 0 0 0 0 0 58 0 0 20 0 0 0 11 0 0 0 0 0 0 0 0 39 0 0 0 0 0 0 2 0 0 80 0 0 0 0 0 0 0 0
50 0 0 0 0 0 0 0 0 0 0 0 0 90 0 0 0 0 0 0 0 12 0 0 0 0 37 0 71 0 53 0 0 0 0 0 0 0 0 0 0 0 0 12 0 39 15 0 0 0
0 0 0 0 0 52 0 0 39 0 0 0 0 0 0 0 28 99 0 0 0 67 0 0 0 0 0 0 0 0 0 0 0 0 39 0 0 43 0 0 0 0 0 0 0 0 0 17 0 52
0 12 0 24 0 0 0 0 0 0 0 20 0 0 29 0 0 0 0 0 88 0 0 0 0 0 0 0 0 97 0 0 78 0 0 38 0 0 0 0 0 0 0 0 0 0 0 0 17 0
0 0 0 0 10 0 0 0 0 0 72 0 98 0 68 0 0 0 0 72 0 0 0 0 0 0 0 0 0 0 0 0 0 65 0 0 0 0 0 0 0 0 0 0 0 0 0 0 0 0
0 0 0 0 29 0 0 0 0 0 0 0 0 0 0 0 0 0 0 0 0 0 0 87 42 5 0 13 0 0 0 0 0 0 0 0 75 0 0 62 56 0 23 0 0 0 0 0 0 0
0 0 0 0 0 0 0 0 0 73 0 0 0 0 0 0 33 0 0 0 0 0 0 0 0 52 0 0 0 0 0 0 0 0 0 0 0 0 73 0 0 0 0 0 64 0 0 0 0 0
0 0 0 0 0 0 0 0 0 0 0 0 0 0 0 0 0 0 0 0 0 0 0 0 0 0 0 0 0 0 0 0 0 0 0 0 0 0 0 0 0 0 0 0 0 0 0 0 0 0
0 0 0 0 0 0 0 0 0 0 0 0 0 0 0 0 0 0 0 0 0 0 0 0 0 0 0 0 0 0 0 0 0 0 0 0 0 0 0 0 0 0 0 0 0 0 0 0 0 0
0 0 0 0 0 0 0 0 0 0 0 0 0 0 0 0 0 0 0 0 0 0 0 0 0 0 0 0 0 0 0 0 0 0 0 0 0 0 0 0 0 0 0 0 0 0 0 0 0 0
Uj=		 [1, 1, 1, 1, 1, 1, 1, 0, 0, 0]
Dk=		 [50 12 79 24 39 52 70 17 39 73 72 20 98 90 97 58 61 99 20 72 88 79 11 87 42 57 37 13 71 97 53 39 78 65 39 38 75 43 75 62 56 80 23 12 64 39 15 17 17 52]
Optim        = 169329
Cost     D2R = 146202
Cost fix D2R = 23127
