Xjk=
23 0 0 0 0 0 0 0 61 58 0 98 54 35 0 0 0 0 72 0 0 0 81 0 0 0 0 0 0 0 0 0 0 58 0 0 0 0 0 0 0 14 0 0 0 0 0 0 0 0
0 90 0 0 0 0 0 0 0 0 0 0 0 0 0 49 0 0 0 0 0 0 0 0 20 0 0 31 84 0 0 30 0 0 0 18 0 82 0 0 25 0 0 0 0 0 0 0 65 48
0 0 98 0 0 0 0 0 0 0 0 0 0 0 0 0 0 0 0 49 0 66 0 99 0 74 0 0 0 0 0 0 0 0 0 0 0 0 59 0 0 0 0 0 0 16 0 88 0 0
0 0 0 99 0 0 0 0 0 0 0 0 0 0 0 0 0 0 0 0 82 0 0 0 0 0 0 0 0 25 49 0 42 3 0 0 0 0 0 87 0 0 0 0 93 2 0 0 0 0
0 0 0 0 57 65 0 33 0 0 48 0 0 0 85 0 8 0 0 0 0 0 0 0 0 0 32 0 0 0 0 0 0 14 0 0 87 0 0 0 0 0 0 0 0 0 71 0 0 0
0 0 0 0 0 0 96 0 0 0 0 0 0 0 0 0 75 57 0 0 0 0 0 0 0 0 0 0 0 0 0 0 0 0 98 0 0 0 0 0 11 0 89 19 0 0 0 0 0 0
0 0 0 0 0 0 0 0 0 0 0 0 0 0 0 0 0 0 0 0 0 0 0 0 0 0 0 0 0 0 0 0 0 0 0 0 0 0 0 0 0 0 0 0 0 0 0 0 0 0
0 0 0 0 0 0 0 0 0 0 0 0 0 0 0 0 0 0 0 0 0 0 0 0 0 0 0 0 0 0 0 0 0 0 0 0 0 0 0 0 0 0 0 0 0 0 0 0 0 0
0 0 0 0 0 0 0 0 0 0 0 0 0 0 0 0 0 0 0 0 0 0 0 0 0 0 0 0 0 0 0 0 0 0 0 0 0 0 0 0 0 0 0 0 0 0 0 0 0 0
0 0 0 0 0 0 0 0 0 0 0 0 0 0 0 0 0 0 0 0 0 0 0 0 0 0 0 0 0 0 0 0 0 0 0 0 0 0 0 0 0 0 0 0 0 0 0 0 0 0
Uj=		 [1, 1, 1, 1, 1, 1, 0, 0, 0, 0]
Dk=		 [23 90 98 99 57 65 96 33 61 58 48 98 54 35 85 49 83 57 72 49 82 66 81 99 20 74 32 31 84 25 49 30 42 75 98 18 87 82 59 87 36 14 89 19 93 18 71 88 65 48]
Optim        = 220107
Cost     D2R = 195794
Cost fix D2R = 24313
