/*********************************************
    * Lab01 - FCR
    * Author: Coso
    * Creation Date: Mar, 2019
    *********************************************/
instance_name = "large_instance_20_FCR";

d = 10;
r = 50;

SCj = [340 311 294 277 320 312 284 289 301 278];
Dk = [15 13 74 85 64 56 41 66 48 69 73 89 26 72 64 14 63 10 73 43 99 29 36 50 35 36 69 52 18 39 67 55 57 79 31 77 18 20 13 46 79 83 79 73 97 50 70 87 71 52];

Cjk = [[87 32 49 43 41 85 66 55 52 82 75 50 70 60 80 68 86 61 80 66 41 32 62 56
  54 86 46 39 63 51 40 75 68 40 59 88 79 54 34 61 88 53 87 75 78 57 63 65
  31 53]
 [73 72 33 63 77 68 76 76 66 82 63 47 85 32 86 42 42 51 87 46 51 77 82 51
  71 54 78 68 51 88 32 54 61 45 38 47 66 56 61 51 51 38 80 58 72 77 71 48
  69 34]
 [54 89 71 87 61 56 57 87 67 73 71 52 40 70 62 62 80 31 63 62 30 70 44 55
  84 68 36 63 60 74 79 63 34 81 65 63 51 89 48 35 39 73 48 76 70 32 61 60
  81 75]
 [66 44 80 47 49 65 49 40 35 38 65 31 45 79 68 60 32 36 64 56 65 72 42 38
  85 54 55 56 83 77 40 31 83 44 36 33 47 39 71 44 81 73 52 46 61 47 87 31
  55 69]
 [50 82 50 48 83 78 46 82 44 50 88 52 44 62 88 37 45 73 31 85 39 83 53 63
  80 65 77 41 83 82 87 68 73 76 35 51 38 57 48 45 88 83 77 41 68 48 54 86
  82 35]
 [45 64 42 68 33 37 63 54 43 41 88 32 32 37 59 78 59 67 88 68 50 42 41 85
  41 43 32 38 84 54 81 85 42 63 35 44 45 74 50 69 48 30 87 57 60 75 46 55
  78 45]
 [63 87 56 75 80 59 78 49 40 85 46 64 47 51 55 51 66 66 41 77 50 51 64 33
  50 68 44 53 56 30 34 81 80 49 51 46 30 40 37 53 54 33 46 51 79 89 86 42
  36 67]
 [45 53 81 36 78 31 76 70 39 58 79 69 35 38 78 54 48 70 83 59 78 32 85 88
  79 49 36 55 31 82 71 80 89 43 74 37 70 60 52 51 71 40 33 86 74 38 51 76
  36 50]
 [86 88 71 66 39 45 54 36 30 71 50 80 36 30 30 66 36 85 67 56 71 89 80 84
  79 50 52 48 59 40 83 62 66 85 85 55 63 83 48 88 32 72 89 61 89 72 89 40
  48 50]
 [55 38 43 39 32 81 77 48 31 70 81 69 53 53 50 72 45 66 43 52 72 56 61 52
  78 44 55 71 89 64 84 60 86 62 73 67 86 67 85 35 36 61 76 60 43 69 58 43
  69 41]];
Fjk = [[319 801 648 823 616 817 381 729 510 385 808 495 649 833 892 377 700 837
  832 842 324 774 748 591 673 611 549 612 334 867 628 523 853 775 594 535
  815 686 627 850 673 618 308 428 348 720 453 652 669 327]
 [333 659 620 675 325 422 484 687 706 520 437 716 611 814 471 371 481 856
  411 445 635 409 386 806 744 486 709 379 560 632 892 589 509 356 459 527
  394 738 692 428 530 566 670 601 461 798 540 299 470 656]
 [840 783 610 812 352 351 656 675 628 561 802 712 511 431 886 738 339 478
  414 305 756 883 599 800 803 349 587 357 727 584 864 503 752 818 462 308
  731 877 458 611 885 501 883 350 869 372 564 498 345 388]
 [357 350 767 585 521 323 842 627 445 622 832 420 674 810 798 616 413 816
  424 838 750 519 432 461 394 329 587 375 454 523 552 321 502 414 790 655
  493 429 767 643 590 814 640 598 747 484 673 743 882 750]
 [330 452 598 601 466 619 779 344 615 669 346 444 872 833 317 530 654 875
  527 406 882 785 505 579 398 467 298 803 571 439 504 403 861 632 300 588
  838 585 596 886 323 555 538 539 716 563 412 317 491 624]
 [680 689 444 530 430 448 866 519 882 499 817 624 793 480 306 621 468 435
  341 457 528 727 629 657 319 594 854 755 302 452 605 316 889 740 715 435
  880 597 302 423 553 710 392 759 351 839 785 536 714 622]
 [697 310 599 754 688 758 495 879 863 746 628 380 405 616 564 392 830 353
  501 367 386 704 450 301 837 876 634 640 772 314 402 605 653 565 640 619
  484 527 542 799 581 685 854 873 752 333 470 634 336 875]
 [477 331 346 813 847 357 422 312 634 563 509 340 494 451 777 458 572 552
  538 364 608 881 354 646 818 649 825 502 362 538 694 537 863 331 544 386
  632 525 331 544 380 316 663 451 478 565 476 368 345 310]
 [347 781 323 684 337 443 315 554 614 527 585 368 664 671 678 807 708 486
  317 863 830 464 350 705 839 740 729 487 426 378 430 415 532 873 765 854
  704 646 824 415 776 822 306 645 883 583 601 365 468 564]
 [831 878 325 842 452 309 788 522 785 506 464 883 420 399 720 327 889 564
  449 760 845 859 709 626 794 607 634 391 571 882 881 672 671 886 565 351
  354 661 694 781 744 829 340 528 664 803 574 730 379 347]];
