/*********************************************
    * Lab01 - FCR
    * Author: Coso
    * Creation Date: Mar, 2019
    *********************************************/
instance_name = "large_instance_03_FCR";

d = 10;
r = 50;

SCj = [523 543 634 586 515 590 584 589 577 572];
Dk = [51 96 46 81 57 66 70 73 59 28 17 84 19 28 64 42 42 77 85 19 53 22 22 31 49 95 19 88 46 50 46 54 88 78 27 84 67 97 47 22 99 82 61 71 36 90 54 66 54 78];

Cjk = [[76 67 46 34 61 50 76 39 35 47 78 85 36 51 44 54 84 39 71 75 44 56 53 66
  67 59 85 85 61 84 69 69 32 85 73 61 88 37 66 34 65 48 37 83 38 64 52 77
  31 63]
 [85 84 64 67 45 63 37 38 80 41 39 69 39 55 63 36 88 70 66 62 78 63 35 72
  58 50 84 44 81 65 65 62 88 56 85 42 66 55 88 36 40 77 32 46 54 72 45 68
  60 75]
 [89 71 41 44 52 86 64 72 33 74 48 67 51 74 51 67 51 40 47 54 74 32 60 49
  88 73 71 84 61 41 78 34 46 60 41 47 83 79 82 32 41 84 66 45 50 66 35 54
  45 72]
 [47 46 60 56 62 72 72 60 51 70 57 60 70 43 51 58 56 35 64 76 34 36 52 49
  46 40 72 60 55 89 62 35 73 42 60 82 72 76 55 35 55 42 76 82 44 89 73 88
  30 63]
 [65 67 66 86 33 43 36 74 82 67 33 76 34 41 86 83 67 73 53 65 85 76 40 59
  37 38 76 64 80 64 77 65 66 87 64 46 71 69 58 66 62 42 31 43 40 69 31 45
  63 39]
 [35 73 67 32 32 55 59 49 39 34 38 39 51 52 89 88 32 38 69 34 34 39 73 60
  46 55 86 48 65 40 53 52 88 58 86 89 74 38 41 68 37 82 60 50 68 52 78 63
  72 78]
 [75 89 69 35 41 61 34 58 53 58 57 79 55 72 54 62 33 34 86 41 36 40 84 84
  88 52 50 69 40 60 85 80 64 70 84 87 40 47 87 66 67 60 87 44 51 64 45 61
  76 32]
 [51 77 86 33 53 67 56 43 37 60 42 85 79 30 59 58 64 65 88 82 32 79 31 52
  83 81 80 64 78 60 44 83 75 73 60 43 70 38 42 84 38 82 41 68 35 85 54 45
  78 87]
 [53 42 72 52 44 50 34 42 62 47 82 74 87 43 41 45 55 78 79 40 71 78 36 78
  76 75 79 65 52 53 89 53 51 35 39 48 78 56 33 30 49 86 68 87 76 60 42 86
  64 56]
 [80 75 40 55 78 60 35 82 38 64 53 38 86 69 38 86 49 42 31 47 67 71 77 36
  84 78 84 88 34 33 61 33 76 70 53 82 84 34 39 51 83 59 73 86 69 39 58 31
  59 73]];
Fjk = [[389 763 707 779 421 415 698 710 596 719 433 311 472 381 694 756 482 614
  790 797 756 421 875 505 374 786 742 339 344 624 611 391 681 644 513 398
  402 639 748 487 881 824 448 501 769 812 866 514 647 746]
 [679 606 336 461 772 584 474 806 511 634 370 437 393 664 801 664 396 485
  593 860 697 813 361 683 881 667 846 616 705 593 355 495 642 730 550 692
  666 331 523 542 640 656 325 359 538 717 532 538 571 453]
 [313 564 307 313 854 845 581 701 760 533 433 677 314 389 783 758 316 338
  723 856 304 874 437 513 693 834 401 358 789 621 880 722 755 719 519 433
  354 352 833 856 418 787 304 775 589 440 865 640 851 737]
 [890 874 658 461 565 840 327 426 470 479 592 391 388 868 795 502 825 356
  382 795 413 880 437 481 524 445 640 597 640 312 871 358 812 761 308 375
  523 575 618 469 322 521 812 435 626 344 720 689 608 299]
 [524 472 683 671 502 602 368 388 595 869 805 736 853 431 728 580 710 401
  790 778 302 649 786 658 811 732 673 658 372 703 749 840 539 533 670 614
  545 503 825 660 333 317 638 301 691 796 846 515 852 781]
 [622 520 686 689 841 880 847 467 644 360 493 828 587 317 833 602 874 457
  635 775 801 892 346 585 542 318 693 398 758 319 338 319 729 697 577 557
  660 526 384 787 486 426 532 516 364 612 640 439 486 833]
 [430 849 860 427 583 793 822 395 872 498 516 541 367 538 337 632 666 809
  646 788 555 597 375 882 748 686 835 533 334 732 529 533 393 863 803 436
  849 766 709 534 868 503 545 737 384 317 733 746 737 840]
 [617 363 820 738 709 578 641 882 388 348 579 578 663 653 546 767 549 511
  410 601 407 369 733 340 318 480 518 326 843 421 727 393 463 479 610 460
  698 797 645 770 855 779 690 497 463 704 641 735 715 355]
 [423 834 553 478 370 315 419 731 683 874 345 468 728 654 398 716 416 836
  370 706 552 507 858 732 333 598 398 382 760 791 730 801 653 767 645 350
  563 675 416 553 647 834 495 351 603 446 403 355 422 604]
 [368 700 489 599 732 630 391 487 790 893 697 565 849 349 886 403 473 451
  825 860 579 730 529 833 450 871 744 728 480 433 482 789 365 655 878 355
  363 517 450 793 433 483 318 435 835 546 787 337 327 710]];
