/*********************************************
    * Lab01 - FCR
    * Author: Coso
    * Creation Date: Mar, 2019
    *********************************************/
instance_name = "large_instance_19_FCR";

d = 10;
r = 50;

SCj = [428 432 437 437 468 438 442 457 420 437];
Dk = [96 13 30 40 87 14 32 44 44 39 19 31 32 34 45 28 41 17 70 49 28 70 50 56 27 91 78 41 60 82 72 24 87 69 96 83 75 66 25 44 79 64 77 91 57 96 38 19 81 25];

Cjk = [[33 46 59 66 61 87 51 35 86 78 50 34 85 63 89 83 52 34 64 81 76 56 89 66
  56 61 70 78 51 81 37 78 74 71 83 41 72 49 31 69 76 77 74 46 73 38 57 36
  45 49]
 [65 73 36 47 38 67 54 68 64 33 60 82 67 84 44 78 84 35 56 68 48 58 57 82
  69 41 81 48 79 47 81 78 37 33 51 56 84 61 53 67 43 46 56 69 34 61 75 52
  68 79]
 [44 82 52 32 63 68 42 41 35 59 80 72 48 70 69 42 53 47 64 59 56 78 40 49
  44 63 80 73 38 88 39 57 31 89 36 59 33 80 64 46 37 64 32 82 62 80 45 68
  65 71]
 [76 81 57 54 78 49 60 47 51 88 60 88 82 89 73 69 64 72 84 81 53 86 72 37
  65 53 58 44 55 34 42 53 52 54 79 57 62 73 67 30 83 66 48 57 71 87 36 35
  61 31]
 [46 46 53 32 48 37 66 35 76 36 48 48 64 52 40 43 46 75 44 52 87 39 46 36
  84 45 55 80 55 58 49 66 77 52 30 35 61 52 65 52 82 39 85 36 62 54 79 85
  47 59]
 [38 39 50 52 51 47 71 84 56 87 82 53 51 79 45 50 73 38 83 68 35 75 79 37
  80 64 37 51 63 49 88 76 65 72 67 82 71 75 37 51 50 75 82 79 55 56 43 41
  41 41]
 [82 37 61 44 67 30 83 84 75 66 67 52 31 78 88 37 84 84 37 69 65 84 48 49
  47 49 87 36 58 48 82 36 88 70 67 74 69 32 78 69 37 76 75 44 63 30 54 84
  69 66]
 [83 36 88 58 82 35 59 30 50 35 84 72 68 49 87 67 75 89 37 53 48 65 58 54
  78 45 42 65 56 61 46 43 71 87 32 57 56 31 38 61 43 70 89 55 85 62 70 51
  78 36]
 [56 44 47 31 89 34 79 71 58 49 88 58 41 40 84 52 47 52 36 74 76 48 84 43
  81 47 44 33 67 61 78 87 41 60 83 71 61 74 60 45 60 59 76 39 71 56 73 32
  56 54]
 [83 36 67 89 57 42 43 83 87 37 85 54 80 34 46 78 58 85 66 74 36 51 65 51
  79 41 45 56 56 61 51 30 36 35 64 35 57 48 89 63 44 60 84 35 62 79 42 63
  85 42]];
Fjk = [[835 397 339 625 307 618 797 536 855 795 732 698 711 509 665 498 321 446
  891 518 469 377 369 358 860 885 336 573 743 463 620 427 510 533 793 329
  852 599 682 321 444 743 843 586 350 604 541 371 413 850]
 [370 718 550 360 672 784 502 500 450 660 398 769 785 586 353 559 755 547
  614 762 696 749 780 550 308 474 553 841 609 597 514 413 887 391 563 732
  323 618 414 617 357 441 308 475 499 610 793 610 784 435]
 [553 546 346 835 406 871 479 449 611 740 604 638 322 862 468 833 677 760
  641 426 616 338 834 458 431 558 319 489 333 390 581 608 707 757 825 624
  674 340 529 767 830 461 809 530 320 809 891 449 690 334]
 [458 749 642 464 588 773 678 787 403 655 303 342 409 438 421 808 439 730
  722 540 598 601 588 432 832 439 447 824 505 415 476 690 720 871 888 773
  643 585 442 808 793 887 301 422 514 379 679 566 319 481]
 [703 507 698 672 867 878 796 350 668 824 382 463 360 346 427 776 473 614
  510 359 492 537 600 727 528 782 433 399 766 889 625 884 303 885 438 619
  448 378 751 687 736 493 884 832 534 813 521 555 754 362]
 [466 347 461 476 656 826 463 883 614 400 321 446 563 366 775 595 841 608
  566 480 690 489 618 724 422 629 300 666 890 694 731 833 330 820 493 670
  535 427 789 839 364 618 439 492 869 517 720 855 664 409]
 [578 472 659 667 685 565 846 728 780 745 836 872 573 709 674 758 387 423
  487 381 381 652 886 874 664 731 316 736 529 590 545 850 339 468 308 853
  561 799 347 769 713 802 698 337 571 727 659 663 851 674]
 [609 368 757 619 585 544 514 790 540 786 472 322 593 774 396 466 453 546
  423 495 689 768 719 412 572 405 615 483 606 364 853 573 814 410 771 445
  445 306 746 524 718 531 451 597 324 760 627 695 811 622]
 [669 451 827 540 710 324 879 644 693 572 627 838 421 780 433 732 594 631
  393 591 756 693 456 431 334 444 532 570 662 450 473 646 840 379 463 653
  325 742 314 584 426 607 707 583 439 330 829 783 616 861]
 [321 597 534 414 413 612 443 553 604 663 798 375 713 549 464 635 726 333
  522 307 321 337 524 473 507 699 433 727 384 475 313 780 639 637 612 554
  758 329 548 712 482 655 352 805 363 474 575 809 414 588]];
