/*********************************************
    * Lab01 - FCR
    * Author: Coso
    * Creation Date: Mar, 2019
    *********************************************/
instance_name = "large_instance_11_FCR";

d = 10;
r = 50;

SCj = [353 384 344 352 392 355 346 339 356 358];
Dk = [13 99 62 66 56 18 53 68 15 76 10 69 45 82 12 82 12 82 87 24 98 30 32 58 52 10 40 68 87 25 63 12 52 57 79 46 64 81 99 69 67 63 26 48 45 40 11 45 30 27];

Cjk = [[79 38 51 87 65 39 60 38 72 61 48 57 31 54 36 57 70 65 52 67 67 88 54 88
  78 52 68 62 54 46 66 84 87 53 81 55 42 71 34 89 40 58 67 88 79 53 69 32
  55 76]
 [63 45 42 44 74 34 71 31 45 86 31 38 40 65 35 82 66 45 47 84 52 52 44 54
  41 48 47 75 35 83 61 36 79 56 80 71 39 88 38 39 41 43 56 56 42 62 68 86
  85 44]
 [76 75 43 82 84 54 47 55 41 87 47 88 85 74 73 56 33 50 49 60 86 33 48 51
  58 35 61 57 74 39 34 69 43 70 64 74 59 87 72 75 66 61 73 72 73 83 80 42
  76 74]
 [80 51 75 65 86 70 56 61 75 69 83 52 69 32 47 57 88 69 82 30 79 34 53 38
  77 76 85 56 61 62 41 40 63 54 83 53 89 53 68 62 56 51 66 58 67 36 62 39
  38 59]
 [75 33 73 64 50 46 66 65 86 35 74 62 72 76 38 79 56 57 61 64 84 56 61 53
  75 35 33 43 45 76 56 42 66 34 31 73 32 56 51 82 55 48 48 55 67 84 51 56
  64 66]
 [46 50 73 80 35 87 41 50 54 42 77 43 85 43 60 80 53 39 64 83 60 70 83 35
  45 64 35 42 73 88 58 60 69 36 59 86 45 45 54 39 88 44 34 56 71 73 34 68
  73 51]
 [42 39 55 83 52 78 60 67 82 72 83 40 54 59 64 56 41 76 67 66 41 84 82 79
  78 74 34 67 58 66 59 69 77 79 88 78 75 64 84 52 83 33 48 47 49 50 40 81
  64 64]
 [31 50 88 56 31 83 61 84 39 55 77 60 78 41 78 49 38 78 84 76 69 71 65 42
  69 76 34 59 45 36 57 36 81 35 49 48 53 48 89 76 76 62 89 55 71 49 75 53
  87 84]
 [66 41 65 30 43 52 59 37 39 73 63 34 74 52 61 54 74 69 43 83 52 52 81 66
  57 44 62 45 75 57 71 44 53 33 84 65 66 42 35 67 41 50 42 85 47 67 50 44
  38 85]
 [37 81 83 55 41 75 76 44 72 39 50 57 64 41 40 85 88 78 46 78 49 61 47 54
  57 46 35 59 51 44 83 58 42 38 40 48 78 36 58 53 83 45 71 77 51 74 59 73
  72 70]];
Fjk = [[569 828 583 426 479 490 785 771 811 503 619 513 490 571 669 533 780 626
  821 510 600 698 746 687 791 750 876 875 663 519 750 361 469 434 543 549
  516 807 715 684 474 607 701 306 717 439 410 493 687 664]
 [539 500 442 786 480 458 875 776 555 886 703 573 627 393 770 667 718 778
  656 730 833 612 692 788 798 412 681 335 889 618 805 544 476 833 890 749
  423 881 808 321 361 416 806 676 781 329 711 607 628 706]
 [733 886 446 765 490 629 412 703 697 724 573 850 864 699 391 710 589 719
  635 605 889 660 758 882 414 710 787 334 596 505 669 486 862 674 538 492
  601 448 555 796 783 741 440 634 825 652 355 397 431 492]
 [644 567 768 489 622 882 574 636 795 349 614 371 421 779 852 548 595 518
  844 506 353 508 676 594 371 560 724 412 545 332 319 867 462 691 611 786
  725 493 732 305 371 565 642 552 799 556 863 882 351 299]
 [564 609 751 629 788 485 573 648 706 639 718 596 734 889 869 690 636 542
  739 413 624 516 621 593 442 774 802 744 624 360 461 537 657 769 561 614
  803 825 680 474 663 820 616 664 534 666 351 744 393 745]
 [492 869 374 479 457 677 877 386 819 821 427 550 587 499 471 453 470 577
  358 756 592 754 866 800 358 841 350 453 306 807 576 373 512 334 666 846
  825 376 309 814 469 517 785 869 787 794 689 418 362 738]
 [747 567 387 679 871 455 559 615 894 893 518 574 832 616 715 739 522 869
  439 834 401 584 598 710 470 553 381 422 698 636 527 678 598 484 531 495
  439 536 298 577 786 404 379 346 481 563 784 866 493 541]
 [501 647 657 791 682 845 604 835 591 693 501 576 792 576 825 616 420 360
  436 423 390 353 396 686 668 635 624 489 684 315 808 807 311 522 637 484
  743 396 627 363 334 880 301 410 318 666 590 855 525 313]
 [547 421 871 553 450 337 827 707 741 451 331 848 720 714 641 841 694 457
  681 667 469 682 305 325 687 715 879 846 429 612 837 833 706 677 643 397
  862 627 458 399 676 642 782 510 335 733 664 405 753 863]
 [614 468 670 860 775 298 672 751 418 370 739 367 874 440 819 700 444 339
  795 470 481 389 830 616 396 758 338 406 670 671 846 804 585 821 703 536
  810 734 407 756 671 666 595 526 495 312 349 653 466 809]];
