/*********************************************
    * Lab01 - FCR
    * Author: Coso
    * Creation Date: Mar, 2019
    *********************************************/
instance_name = "large_instance_12_FCR";

d = 10;
r = 50;

SCj = [432 453 432 402 427 434 415 490 408 441];
Dk = [94 47 91 31 28 12 43 32 30 85 99 61 92 93 85 30 21 97 68 60 22 32 84 58 94 32 39 88 54 30 92 57 80 34 98 35 78 70 34 48 68 96 79 81 30 12 72 26 85 99];

Cjk = [[44 80 81 87 77 63 55 56 57 88 50 49 57 37 49 44 57 69 30 59 59 35 76 88
  74 58 75 60 36 81 48 73 32 70 32 50 79 35 87 50 73 51 67 68 39 65 49 42
  31 68]
 [32 60 74 50 56 58 42 86 40 39 82 78 44 65 52 51 33 72 31 56 48 89 87 45
  75 65 45 55 57 89 87 70 74 69 53 45 56 36 34 78 75 83 35 41 41 50 76 40
  58 54]
 [46 51 86 73 57 51 44 71 78 52 61 40 87 55 30 54 83 40 32 32 55 38 71 87
  76 37 75 84 62 36 53 40 64 88 58 35 53 60 56 42 84 89 42 63 30 49 33 39
  78 78]
 [74 68 50 63 46 75 57 78 89 70 35 46 83 74 49 72 56 52 75 42 69 59 83 56
  40 86 35 76 57 80 51 80 65 32 68 88 78 37 43 40 31 88 39 54 36 44 88 79
  65 72]
 [64 46 53 55 85 62 38 58 39 61 48 35 85 40 56 45 62 88 64 57 68 88 49 36
  85 89 56 89 44 63 45 81 71 39 32 84 58 56 43 31 39 38 54 36 47 56 45 34
  55 75]
 [59 87 70 35 58 46 46 39 58 50 34 52 31 83 46 58 55 40 51 55 81 55 49 67
  64 36 55 31 77 67 60 70 88 52 67 50 45 64 34 61 52 63 52 54 61 65 80 61
  84 44]
 [41 58 85 63 54 88 72 67 60 50 55 44 62 65 70 59 83 41 86 35 48 74 58 74
  50 79 38 37 71 87 55 80 80 31 65 39 40 49 78 42 69 34 76 61 62 48 49 49
  86 85]
 [83 30 83 64 79 88 38 60 83 42 77 77 78 49 65 85 39 34 55 63 44 50 47 87
  35 31 55 64 53 82 33 42 72 38 63 40 48 40 60 80 52 80 78 63 55 49 80 53
  77 43]
 [76 87 56 66 44 50 68 65 36 30 52 33 80 33 80 47 77 83 75 52 58 63 51 78
  73 47 59 58 57 60 56 37 68 52 71 45 75 36 54 31 75 57 66 63 30 47 79 72
  38 32]
 [48 37 41 46 37 51 61 34 60 32 74 48 37 37 75 42 33 65 44 75 56 56 65 69
  45 69 65 86 42 71 38 50 81 62 62 40 34 74 33 46 77 45 71 65 64 77 46 74
  37 51]];
Fjk = [[505 869 847 607 418 482 782 579 622 459 840 783 866 853 357 516 685 374
  484 714 791 804 748 675 484 380 381 591 502 345 849 626 733 296 702 512
  811 408 494 680 712 476 355 602 331 550 343 336 618 644]
 [772 721 690 681 483 713 499 742 657 349 742 673 707 502 746 773 499 482
  785 301 682 705 523 480 715 401 318 866 663 402 349 809 749 447 614 534
  371 801 600 834 359 605 856 338 765 462 741 452 390 698]
 [778 476 383 726 389 779 707 456 619 628 641 499 751 414 735 868 735 643
  624 703 345 349 637 822 659 668 777 425 347 509 445 295 838 563 296 549
  531 302 499 539 761 429 765 569 497 866 367 824 565 381]
 [453 365 598 564 749 531 691 649 454 839 728 509 453 756 867 608 562 727
  442 625 438 812 565 671 390 472 385 441 415 401 694 740 323 762 320 354
  464 663 575 866 308 494 770 720 391 455 569 309 637 733]
 [431 841 477 649 846 626 641 855 529 369 837 604 767 519 342 512 552 397
  710 760 550 423 721 592 860 479 847 297 769 495 437 764 398 661 439 363
  740 676 699 290 619 474 721 713 798 616 695 412 460 296]
 [358 815 406 412 473 588 621 516 701 654 698 467 419 690 321 321 639 578
  426 403 788 724 581 689 814 493 321 560 509 308 534 439 321 301 364 355
  589 522 367 415 845 694 484 503 766 537 294 408 322 422]
 [471 615 601 661 826 596 805 579 364 320 837 332 499 517 787 626 851 342
  504 335 295 515 829 857 633 373 296 526 509 729 591 836 715 793 437 395
  705 632 786 479 678 699 326 698 399 308 341 707 595 615]
 [647 720 861 606 844 560 835 830 771 300 731 434 343 349 759 640 457 318
  555 456 450 764 682 673 346 589 425 336 670 304 391 543 788 843 403 515
  773 800 496 403 854 692 662 787 421 717 819 297 525 469]
 [747 696 571 796 294 782 617 806 849 303 714 345 648 794 652 825 401 302
  728 391 791 368 652 562 774 422 296 745 592 538 797 621 402 592 357 500
  495 838 476 344 369 412 445 606 781 434 400 802 493 379]
 [463 707 671 783 836 677 818 609 640 550 709 293 826 631 313 361 433 753
  687 628 349 453 671 712 377 803 531 435 423 398 861 320 438 680 528 702
  765 568 545 789 590 308 520 571 631 854 740 709 651 298]];
