/*********************************************
    * Lab01 - FCR
    * Author: Coso
    * Creation Date: Mar, 2019
    *********************************************/
instance_name = "large_instance_09_FCR";

d = 10;
r = 50;

SCj = [277 278 245 268 284 290 322 285 302 298];
Dk = [25 62 88 51 48 33 98 31 20 66 28 98 79 75 11 15 25 38 23 81 99 65 98 96 76 87 14 21 66 42 46 56 34 35 89 89 37 42 86 61 25 20 90 21 44 57 49 63 53 96];

Cjk = [[61 60 31 54 31 88 77 87 33 70 59 33 41 55 49 30 88 76 62 80 57 55 75 57
  43 77 51 83 30 62 71 45 55 51 56 72 58 87 78 88 40 39 87 48 71 57 56 47
  78 53]
 [67 57 47 30 85 83 81 74 86 69 66 39 87 37 41 36 47 52 75 89 57 61 80 84
  35 67 34 70 72 86 65 54 45 60 46 66 86 77 86 53 47 58 52 62 34 86 74 55
  74 48]
 [86 47 65 65 38 80 88 69 77 43 56 89 63 59 65 79 51 73 62 82 88 73 37 54
  45 61 82 34 69 50 77 56 75 77 73 69 84 50 62 32 70 53 89 79 42 83 41 87
  54 63]
 [61 48 46 68 89 33 38 35 82 81 62 53 57 76 59 39 39 33 46 66 30 88 60 47
  70 66 87 50 68 49 86 57 31 46 67 80 59 62 86 47 62 41 56 85 80 42 54 37
  64 36]
 [31 78 30 62 54 79 37 85 88 80 80 65 71 55 45 31 86 34 81 32 44 79 41 83
  44 86 81 35 54 73 73 76 82 87 61 58 53 77 72 89 76 88 51 56 68 42 79 86
  42 41]
 [69 46 85 61 47 32 60 46 36 89 61 74 39 67 72 65 87 48 86 62 81 66 51 80
  34 39 77 68 51 53 45 40 63 45 75 63 41 41 87 74 34 71 31 63 80 56 55 81
  75 68]
 [41 88 61 35 75 59 83 78 68 61 38 43 72 35 89 57 67 65 45 81 88 53 54 57
  42 87 83 47 42 88 57 52 73 33 71 77 36 69 66 34 32 60 85 79 33 58 50 36
  55 75]
 [59 63 50 35 48 33 89 59 69 39 36 61 55 64 69 67 56 46 63 39 80 73 66 53
  46 73 52 77 80 38 34 44 78 41 45 62 85 80 45 62 71 72 76 55 61 76 35 70
  51 41]
 [32 74 43 65 39 50 34 53 62 80 89 31 50 69 32 68 68 41 47 31 85 47 53 39
  59 73 43 84 33 79 77 37 62 75 63 84 65 56 42 33 71 64 60 62 43 30 85 42
  66 60]
 [50 78 32 71 49 47 76 61 65 41 36 67 72 45 60 30 69 87 59 82 31 73 71 53
  68 50 44 84 88 87 89 85 36 35 60 57 44 41 67 69 65 89 63 59 62 47 35 37
  52 45]];
Fjk = [[884 888 636 573 396 505 450 679 574 486 855 852 833 464 664 437 393 818
  619 564 406 685 459 373 463 706 470 640 714 414 434 730 869 420 871 343
  774 633 324 776 732 558 661 371 445 615 519 615 443 867]
 [663 343 380 306 367 689 570 425 641 525 421 745 407 581 642 850 829 468
  712 348 764 612 604 301 705 312 332 548 708 445 708 372 704 883 643 313
  360 546 413 502 779 881 825 621 841 851 328 330 328 605]
 [483 718 798 654 834 357 489 456 810 364 411 745 376 737 570 772 386 867
  509 626 514 642 309 601 326 624 458 414 690 813 533 640 305 830 579 400
  885 656 680 523 668 787 348 362 858 387 322 394 420 557]
 [606 530 546 756 450 651 340 432 806 343 820 891 867 439 679 350 632 478
  453 648 701 339 455 899 478 394 521 807 378 868 362 840 783 314 876 636
  854 475 720 833 582 834 313 468 478 837 410 367 836 836]
 [365 886 418 681 447 461 760 332 411 719 584 389 676 373 871 309 568 519
  863 539 395 829 393 716 724 390 779 829 601 817 416 373 884 561 815 414
  811 435 455 711 563 317 904 613 819 369 765 389 704 367]
 [801 729 815 605 705 620 685 785 628 564 885 764 362 318 656 726 661 762
  859 514 356 877 506 341 394 461 845 508 759 800 774 856 445 480 786 413
  570 851 525 842 573 790 455 855 484 699 480 684 808 623]
 [328 362 474 456 456 867 793 307 680 864 683 866 795 636 842 449 301 471
  829 470 531 558 614 645 650 748 371 348 373 898 777 770 730 444 630 901
  631 616 331 819 343 817 567 640 458 516 816 418 383 539]
 [679 460 465 811 853 491 624 809 306 382 397 884 844 702 829 853 675 431
  767 785 529 549 552 826 858 886 453 738 641 871 797 788 611 666 785 645
  438 667 716 413 522 405 563 667 458 846 842 638 519 900]
 [342 472 881 429 301 619 678 420 638 303 442 301 403 377 393 627 857 873
  396 821 815 721 658 661 513 443 565 347 541 848 641 510 504 381 408 581
  526 525 767 565 564 582 660 335 577 735 722 734 722 787]
 [828 348 901 867 428 700 802 593 457 435 739 505 848 329 879 506 734 311
  597 845 646 355 893 498 501 733 770 816 850 525 852 666 335 710 373 563
  515 598 585 318 673 460 875 333 331 521 398 352 498 531]];
