/*********************************************
    * Lab01 - FCR
    * Author: Coso
    * Creation Date: Mar, 2019
    *********************************************/
instance_name = "large_instance_02_FCR";

d = 10;
r = 50;

SCj = [295 301 309 323 322 316 297 346 295 306];
Dk = [95 24 36 49 59 45 72 88 81 56 27 82 89 71 52 91 25 59 25 74 71 48 75 23 66 46 79 54 73 37 93 85 37 38 25 12 50 80 92 52 14 55 79 21 43 36 37 40 32 13];

Cjk = [[80 72 79 58 37 60 62 51 63 56 36 39 66 43 75 38 31 39 45 66 43 89 47 33
  85 35 79 65 30 36 51 82 38 55 69 66 53 79 42 36 33 88 46 42 34 46 68 86
  75 57]
 [64 41 55 76 46 31 31 48 47 59 56 56 75 84 56 30 57 52 56 80 48 55 75 76
  89 51 35 75 72 42 50 84 86 36 76 41 33 70 56 46 56 54 83 85 31 67 77 88
  51 77]
 [85 65 87 69 72 44 74 40 43 42 73 50 87 36 63 40 47 60 68 59 34 35 57 66
  67 33 65 65 58 88 81 67 85 52 31 36 50 57 74 79 45 30 56 55 73 66 62 63
  56 37]
 [64 31 77 46 40 74 78 48 51 69 70 88 57 64 30 70 49 76 65 70 88 51 84 55
  34 77 85 50 45 76 40 62 57 70 70 72 63 50 74 62 47 84 51 49 45 52 38 49
  66 45]
 [55 45 53 62 43 39 54 78 69 63 61 48 33 56 43 76 46 42 54 36 84 71 57 49
  30 71 39 70 39 82 59 76 67 75 54 57 61 44 50 80 73 45 81 43 69 31 89 55
  78 64]
 [43 48 33 73 35 46 71 85 54 38 61 48 82 66 81 43 45 85 44 89 32 36 57 66
  52 54 48 68 51 43 86 30 39 65 83 69 69 43 42 69 47 55 38 36 86 76 87 46
  88 75]
 [49 50 60 67 58 75 46 80 38 65 59 88 80 87 89 65 43 68 68 46 60 30 47 44
  49 40 41 51 41 70 75 49 37 87 88 56 61 49 78 46 62 74 37 88 67 67 54 55
  85 55]
 [50 61 81 80 79 46 46 79 48 72 79 71 73 44 40 35 41 30 43 50 67 78 61 68
  70 37 76 89 60 40 31 73 77 50 64 46 34 45 59 38 45 80 39 69 78 57 37 78
  41 89]
 [46 67 79 84 44 32 58 51 48 59 46 58 62 71 69 61 62 88 40 82 43 85 57 34
  70 83 32 51 45 65 68 72 43 35 76 63 72 32 46 34 58 85 37 85 85 71 37 60
  85 57]
 [45 79 66 37 61 30 40 63 63 63 37 88 77 55 67 57 30 53 70 30 57 73 50 62
  68 52 74 64 74 77 58 87 33 42 39 59 30 50 59 42 86 36 71 49 76 65 46 49
  38 32]];
Fjk = [[488 695 775 336 730 463 360 501 387 688 558 751 552 614 347 708 314 695
  537 443 680 630 302 475 329 780 864 654 709 337 614 558 748 737 329 306
  797 525 392 720 327 867 471 858 297 821 537 740 573 709]
 [827 845 573 786 709 640 514 849 742 739 791 452 663 730 322 331 466 753
  668 299 778 561 691 571 818 441 813 515 439 513 400 347 712 331 461 342
  745 369 478 323 380 823 780 634 873 561 872 499 428 482]
 [742 546 653 718 444 821 840 551 451 875 635 845 628 533 851 398 725 539
  453 709 404 363 501 777 495 416 665 621 536 693 576 401 346 555 810 865
  381 320 348 727 463 867 641 823 653 635 364 660 807 685]
 [731 469 770 849 294 785 331 864 500 402 332 347 343 779 744 626 828 603
  861 565 386 713 809 463 874 454 569 551 396 488 742 793 470 425 374 415
  465 724 297 851 637 437 721 733 476 715 771 809 397 486]
 [487 725 468 769 507 764 427 583 605 518 818 793 348 842 699 854 558 551
  780 752 394 812 573 310 825 441 371 622 700 517 778 821 345 795 550 478
  533 475 582 624 855 496 381 490 505 360 723 684 701 450]
 [565 745 644 741 733 303 685 578 808 572 836 756 635 509 518 530 477 484
  325 573 594 380 365 617 701 792 388 607 681 756 375 599 371 732 452 334
  329 335 583 343 730 807 311 390 858 369 831 666 449 415]
 [655 727 506 504 738 751 506 418 427 702 385 640 726 412 384 813 579 733
  783 798 767 764 344 558 812 555 519 447 794 313 713 554 488 379 819 689
  330 316 619 574 710 650 741 706 523 725 486 705 505 551]
 [461 428 363 722 611 341 510 793 707 625 682 350 859 765 645 504 852 464
  779 378 480 471 748 642 833 773 792 869 374 841 651 574 820 579 537 431
  845 692 746 845 441 842 317 506 606 854 597 607 830 611]
 [423 481 756 356 731 446 358 522 419 689 531 568 754 633 441 871 746 657
  511 533 683 646 848 789 756 383 525 596 444 304 850 799 838 375 389 329
  701 316 552 644 693 678 507 313 715 534 804 411 621 340]
 [776 366 710 395 830 294 663 576 580 628 531 510 614 578 657 345 698 819
  348 720 474 840 696 814 613 603 850 469 762 321 854 642 790 573 731 817
  849 448 342 707 655 321 299 588 625 707 706 579 738 541]];
