/*********************************************
    * Lab01 - FCR
    * Author: Coso
    * Creation Date: Mar, 2019
    *********************************************/
instance_name = "large_instance_23_FCR";

d = 10;
r = 50;

SCj = [376 379 436 403 385 392 371 403 366 421];
Dk = [50 12 79 24 39 52 70 17 39 73 72 20 98 90 97 58 61 99 20 72 88 79 11 87 42 57 37 13 71 97 53 39 78 65 39 38 75 43 75 62 56 80 23 12 64 39 15 17 17 52];

Cjk = [[75 37 67 59 80 54 41 49 82 82 62 42 31 39 85 56 79 48 57 86 49 63 82 71
  78 64 45 57 87 87 43 30 54 31 84 81 48 58 51 59 70 31 85 51 39 85 78 37
  58 57]
 [35 70 89 89 57 86 38 59 54 60 53 36 81 31 76 61 61 32 44 31 48 65 71 75
  50 71 37 81 59 66 58 47 52 81 54 38 43 51 72 71 87 49 89 66 69 33 51 48
  74 42]
 [50 50 58 37 71 53 87 57 60 55 31 72 62 39 73 33 72 32 57 48 78 60 59 78
  82 40 49 49 88 43 78 60 86 45 69 36 76 72 82 83 80 52 41 46 57 48 87 87
  76 69]
 [34 30 40 45 58 84 53 61 47 87 32 75 78 66 42 72 64 88 86 72 33 44 49 51
  64 71 74 31 37 88 73 40 34 75 49 58 47 89 63 78 61 81 50 60 52 77 31 33
  66 69]
 [79 51 37 58 78 32 76 66 53 85 54 30 60 40 40 47 84 82 65 47 77 49 80 50
  57 48 41 37 55 45 37 74 63 65 89 44 33 42 70 88 79 79 38 86 71 68 40 67
  65 57]
 [68 67 86 79 82 48 85 50 44 62 61 39 60 32 61 63 52 64 76 40 82 39 44 71
  60 63 47 69 79 57 80 30 57 66 74 78 89 59 42 37 67 70 89 74 56 47 33 89
  74 36]
 [79 73 79 74 69 43 34 39 38 88 55 84 67 82 44 49 45 67 77 49 42 83 77 37
  62 45 52 83 47 58 46 34 78 48 89 57 30 56 49 34 86 39 85 73 45 87 42 71
  65 39]
 [78 42 49 82 44 66 85 48 49 32 44 65 84 40 36 56 75 34 86 71 40 33 36 30
  36 68 86 87 60 45 62 38 40 74 82 33 65 79 35 60 52 78 41 38 48 73 88 68
  51 40]
 [46 42 65 36 67 51 87 79 74 69 33 81 87 79 86 69 30 84 77 49 45 79 58 69
  43 61 36 33 50 77 63 54 37 43 58 37 82 35 38 39 45 42 63 72 44 31 54 58
  55 80]
 [88 80 31 84 56 42 33 30 87 68 54 69 45 52 59 71 84 48 72 30 36 40 77 36
  83 82 51 39 34 68 86 76 37 79 89 57 83 37 87 44 57 74 32 76 69 58 55 71
  55 56]];
Fjk = [[529 715 301 560 781 855 314 297 658 369 669 552 434 627 576 296 747 738
  312 590 562 885 344 873 459 880 832 660 871 599 496 334 762 553 430 427
  627 428 396 427 478 407 614 408 460 875 600 671 611 640]
 [333 851 816 701 734 707 367 711 817 586 562 532 690 317 728 643 751 667
  699 876 752 474 395 733 864 481 316 633 401 495 376 672 805 614 781 612
  606 878 616 716 729 845 826 309 836 490 447 597 743 871]
 [499 842 485 737 688 463 425 342 457 743 875 799 526 342 591 378 465 495
  523 532 615 458 849 606 644 563 811 821 485 712 314 815 705 663 355 553
  833 333 700 732 493 801 679 452 791 316 610 448 682 340]
 [500 315 379 416 481 832 854 570 820 752 738 401 877 440 460 481 563 452
  530 572 450 649 682 562 586 874 431 539 607 321 799 567 393 442 802 323
  681 749 784 619 458 786 549 465 699 410 349 585 359 709]
 [769 742 684 640 369 639 880 475 479 819 359 581 343 616 335 586 548 466
  441 358 399 650 698 778 477 800 413 819 759 672 872 508 675 312 334 773
  663 431 518 707 512 682 652 589 649 830 866 738 461 713]
 [660 399 835 809 402 886 686 554 648 770 484 760 652 787 575 347 886 680
  772 700 719 583 603 412 476 638 414 338 649 542 889 859 415 607 863 588
  555 584 686 439 447 543 431 372 821 782 357 729 356 717]
 [799 548 447 303 821 545 378 789 560 444 652 457 602 443 386 314 798 752
  515 738 597 344 519 315 539 398 317 620 442 307 336 327 775 710 416 315
  835 518 731 682 583 393 825 643 826 708 801 705 807 335]
 [309 714 511 577 458 503 366 682 424 777 552 723 634 646 563 598 513 331
  886 438 441 722 747 437 354 364 664 710 474 399 633 720 509 469 674 741
  588 643 843 872 713 299 397 861 580 884 854 316 704 650]
 [409 877 874 593 310 479 709 431 406 726 298 355 719 737 810 376 642 682
  632 841 457 864 575 689 562 747 388 494 490 706 604 795 365 752 519 402
  767 759 525 570 506 609 468 623 496 315 632 423 624 775]
 [820 764 852 759 889 716 804 352 752 751 380 761 595 600 721 816 543 418
  864 434 841 534 672 690 352 541 423 580 757 874 574 532 618 809 549 392
  431 823 383 391 760 577 359 520 520 654 754 863 537 389]];
