/*********************************************
    * Lab01 - FCR
    * Author: Coso
    * Creation Date: Mar, 2019
    *********************************************/
instance_name = "large_instance_22_FCR";

d = 10;
r = 50;

SCj = [252 247 247 270 252 263 236 217 255 265];
Dk = [80 60 66 75 14 92 78 54 68 37 32 16 11 39 93 34 32 25 48 31 26 75 34 60 73 21 10 19 84 21 20 41 12 71 61 29 71 62 26 40 12 89 53 95 33 40 79 77 56 66];

Cjk = [[57 32 42 37 35 59 33 67 31 54 85 81 30 39 54 85 85 37 71 57 32 56 32 67
  59 35 42 89 33 58 87 70 45 43 73 77 70 52 55 60 50 74 60 42 68 44 49 56
  41 51]
 [74 80 61 83 66 52 67 35 83 67 42 73 54 77 50 44 44 35 31 44 62 55 40 35
  35 88 85 71 40 30 52 49 72 44 36 31 54 45 60 74 41 65 34 49 32 81 55 48
  65 76]
 [34 39 66 83 37 34 49 51 87 46 36 73 38 68 74 31 70 59 73 36 51 52 82 32
  82 86 81 52 72 77 33 73 33 56 61 46 77 69 37 86 46 85 43 60 61 32 32 42
  51 48]
 [79 50 89 81 40 85 89 33 84 67 59 82 50 31 80 85 54 80 50 65 60 76 66 81
  68 36 36 51 46 46 79 42 81 78 80 53 53 31 34 74 53 67 40 36 34 39 71 48
  80 89]
 [54 57 34 41 73 34 76 66 85 68 86 56 66 81 65 61 30 67 70 71 45 88 46 34
  88 84 65 77 74 72 67 70 33 67 63 83 40 53 57 49 36 79 73 36 35 59 80 45
  47 37]
 [78 43 74 60 86 54 65 42 49 76 51 66 62 32 70 69 76 59 60 59 78 38 35 49
  89 34 85 55 48 46 71 66 74 43 70 36 72 71 74 74 47 34 70 80 52 36 63 81
  88 34]
 [64 49 67 51 58 82 73 48 35 70 69 54 76 83 72 73 48 46 66 41 70 38 86 30
  53 44 34 46 67 64 34 89 68 69 55 44 44 60 81 84 71 80 50 39 72 51 39 35
  83 44]
 [72 40 31 69 40 64 33 63 87 56 41 72 32 58 66 86 30 82 66 58 41 63 77 63
  64 43 45 64 60 33 70 62 30 62 38 86 45 70 51 89 30 75 84 53 62 37 72 62
  40 65]
 [56 84 86 74 35 80 57 33 84 84 40 65 87 43 68 72 48 36 41 31 33 46 86 83
  70 71 40 45 66 69 45 74 57 80 61 30 63 51 47 68 34 33 71 48 44 40 56 51
  36 34]
 [68 61 60 59 32 47 40 35 87 44 72 52 88 61 64 63 64 59 69 64 88 37 31 73
  30 38 50 68 65 72 31 50 80 77 32 34 72 53 70 76 34 67 71 69 33 41 78 86
  75 37]];
Fjk = [[866 415 488 564 797 749 340 598 322 749 696 853 476 317 775 482 624 866
  326 484 341 693 795 376 829 596 311 801 843 610 541 582 743 577 437 811
  480 625 491 650 459 326 460 545 632 848 801 411 502 422]
 [514 317 372 597 497 357 794 842 418 549 542 455 785 735 675 324 546 750
  471 774 805 705 806 394 447 359 817 761 712 734 671 469 638 373 433 687
  710 532 777 799 520 669 434 703 737 800 859 806 692 363]
 [759 440 457 371 620 658 751 577 509 790 784 597 346 350 668 532 398 399
  746 728 485 571 425 623 826 619 559 541 333 745 836 577 843 464 305 420
  817 340 775 322 719 762 737 676 343 628 666 746 773 508]
 [619 421 472 326 319 740 615 605 624 762 658 782 556 637 695 798 474 305
  543 594 419 414 672 677 710 865 398 425 712 384 572 435 566 328 429 820
  394 444 377 832 453 816 831 419 572 759 464 837 332 797]
 [591 469 398 717 488 356 811 775 862 588 311 589 680 297 828 651 694 541
  669 458 767 313 349 436 535 824 820 504 498 721 707 570 752 755 796 569
  553 655 764 711 489 412 606 725 451 367 376 659 712 821]
 [690 504 793 445 684 783 545 689 652 802 781 570 410 441 458 339 558 790
  340 538 409 809 656 395 642 714 613 599 528 585 839 355 576 774 782 743
  394 819 818 509 729 478 369 359 630 842 745 679 696 446]
 [830 777 630 491 362 515 776 654 475 732 527 693 626 628 629 755 775 673
  793 598 422 706 427 364 730 696 366 518 294 471 809 546 395 737 527 718
  683 627 828 540 402 493 399 426 831 635 509 730 425 445]
 [790 525 538 340 537 824 701 358 813 778 817 781 857 786 565 381 793 482
  511 405 529 858 676 706 441 400 762 677 771 848 443 607 293 618 448 491
  774 294 528 795 740 493 800 565 578 623 513 711 301 681]
 [735 681 681 686 471 387 780 514 591 732 858 638 827 538 316 432 420 496
  486 852 771 655 719 348 480 304 423 840 407 309 589 576 299 419 774 842
  482 632 642 493 773 329 669 386 711 865 769 546 691 858]
 [462 657 848 594 540 525 684 839 616 373 671 660 450 681 463 568 802 754
  466 644 320 757 462 737 693 685 614 765 476 856 486 312 299 704 761 722
  404 550 372 648 502 535 395 862 532 448 631 574 650 590]];
