Fj=		 [2597 1947 3457 3846 3017 1147 4351 2369 4693 1241]
Xjk=
0 0 0 0 0 0 0 0 0 0 0 0 0 0 0 0 0 0 0 0 99 0 0 0 0 0 0 24 0 0 67 0 0 79 0 0 0 0 0 0 0 0 0 0 0 0 0 0 71 0
0 0 0 0 0 0 0 0 0 0 0 0 0 0 0 0 63 0 0 43 0 0 0 0 0 0 0 0 0 0 0 41 0 0 31 0 0 0 0 46 0 0 0 0 0 0 0 87 0 0
0 0 0 0 0 0 41 0 0 0 0 0 26 0 64 0 0 10 0 0 0 0 0 0 0 0 0 28 0 0 0 0 57 0 0 0 0 0 0 0 0 0 0 0 68 0 0 0 0 0
0 0 0 0 0 0 0 66 0 0 0 0 0 0 0 0 0 0 0 0 0 0 36 50 0 36 0 0 0 0 0 14 0 0 0 0 0 20 0 0 0 0 0 0 17 38 0 0 0 0
0 0 0 60 0 0 0 0 0 69 0 0 0 0 0 0 0 0 73 0 0 0 0 0 0 0 0 0 0 0 0 0 0 0 0 0 0 0 0 0 0 0 0 73 0 0 45 0 0 0
0 0 0 0 64 0 0 0 0 0 0 89 0 72 0 0 0 0 0 0 0 0 0 0 0 0 4 0 0 0 0 0 0 0 0 0 0 0 0 0 0 83 0 0 0 0 0 0 0 0
15 5 0 0 0 0 0 0 0 0 73 0 0 0 0 14 0 0 0 0 0 29 0 0 35 0 0 0 18 39 0 0 0 0 0 0 18 0 13 0 0 0 0 0 0 0 25 0 0 0
0 0 0 0 0 56 0 0 0 0 0 0 0 0 0 0 0 0 0 0 0 0 0 0 0 0 65 0 0 0 0 0 0 0 0 77 0 0 0 0 0 0 79 0 0 12 0 0 0 0
0 8 0 0 0 0 0 0 0 0 0 0 0 0 0 0 0 0 0 0 0 0 0 0 0 0 0 0 0 0 0 0 0 0 0 0 0 0 0 0 0 0 0 0 12 0 0 0 0 0
0 0 74 25 0 0 0 0 48 0 0 0 0 0 0 0 0 0 0 0 0 0 0 0 0 0 0 0 0 0 0 0 0 0 0 0 0 0 0 0 79 0 0 0 0 0 0 0 0 52
Uj=		 [1, 1, 1, 1, 1, 1, 1, 1, 1, 1]
Dk=		 [15 13 74 85 64 56 41 66 48 69 73 89 26 72 64 14 63 10 73 43 99 29 36 50 35 36 69 52 18 39 67 55 57 79 31 77 18 20 13 46 79 83 79 73 97 50 70 87 71 52]
Optim        = 178605
Cost fix OpD = 28665
Cost     D2R = 116393
Cost fix D2R = 33547
