Fj=		 [4749 4132 1636 3845 2913 3376 2120 2096 1107 2174]
Xjk=
0 0 0 0 0 0 0 0 0 0 0 0 0 0 0 0 0 0 0 0 0 0 0 0 0 0 0 0 0 0 0 0 0 0 0 0 0 0 0 0 0 0 0 0 0 0 0 0 0 0
0 0 0 0 0 0 0 0 0 0 0 0 0 0 0 0 0 0 0 0 0 0 0 0 0 0 0 0 0 0 0 0 0 0 0 0 0 0 0 0 0 0 0 0 0 0 0 0 0 0
0 69 0 67 0 0 0 0 0 0 72 0 59 68 0 0 0 0 0 0 0 47 0 0 0 0 0 0 0 0 60 0 0 0 0 0 93 0 0 0 0 0 0 0 67 0 0 0 0 0
0 0 0 0 0 0 0 0 0 0 0 0 0 0 0 0 0 0 0 0 0 0 0 0 0 0 0 0 0 0 0 0 0 0 0 0 0 0 0 0 0 0 0 0 0 0 0 0 0 0
0 0 0 0 0 0 0 0 0 11 0 0 0 0 0 0 0 0 0 0 0 0 0 0 0 0 0 0 0 0 0 0 0 17 16 0 0 0 0 0 0 0 0 0 0 0 0 0 0 6
0 0 0 0 0 0 0 0 0 0 0 0 0 0 0 0 0 0 0 0 0 0 0 0 0 0 0 0 0 0 0 0 0 0 0 0 0 0 0 0 0 0 0 0 0 0 0 0 0 0
37 0 0 0 31 0 50 0 70 0 0 0 0 0 0 0 0 44 50 35 0 0 0 0 33 26 0 0 0 17 0 0 0 0 0 0 0 0 0 0 32 20 91 47 0 0 0 0 0 29
0 0 0 0 20 36 0 0 0 0 0 93 0 0 0 0 0 0 0 0 83 0 0 73 0 0 0 77 0 0 0 0 49 0 0 47 0 0 0 0 0 0 0 0 0 82 0 0 0 0
0 22 0 0 0 0 0 42 0 0 0 0 0 0 78 89 0 0 0 0 0 0 0 0 0 0 0 0 0 0 0 96 0 0 0 0 0 0 79 89 0 0 0 0 0 0 67 0 0 0
0 0 80 0 0 0 0 0 0 11 0 0 0 14 0 0 82 0 0 0 0 0 98 0 0 0 97 0 37 0 0 0 0 0 0 0 0 52 0 0 0 0 0 0 0 0 0 90 60 0
Uj=		 [0, 0, 1, 0, 1, 0, 1, 1, 1, 1]
Dk=		 [37 91 80 67 51 36 50 42 70 22 72 93 59 82 78 89 82 44 50 35 83 47 98 73 33 26 97 77 37 17 60 96 49 17 16 47 93 52 79 89 32 20 91 47 67 82 67 90 60 35]
Optim        = 169595
Cost fix OpD = 12046
Cost     D2R = 126221
Cost fix D2R = 31328
