Fj=		 [3651 1446 2173 3671 2517 2218 2409 3305 1716 3634]
Xjk=
0 0 0 0 0 0 0 0 0 0 0 0 0 0 0 0 0 0 0 0 0 0 0 0 0 0 0 0 0 0 0 0 0 0 0 0 0 0 0 0 0 0 0 0 0 0 0 0 0 0
41 0 0 41 0 27 0 0 0 44 0 0 40 20 48 0 0 0 0 0 0 0 0 0 0 0 0 0 0 0 14 0 59 0 29 0 0 0 24 0 0 12 0 23 0 0 0 0 0 0
0 0 0 0 0 0 43 52 31 0 37 99 0 0 0 0 0 0 0 0 0 0 0 0 0 0 0 0 62 0 0 0 0 56 0 0 0 0 0 0 48 0 0 0 0 0 0 0 0 0
0 0 0 0 0 0 0 0 0 0 0 0 0 0 0 0 0 0 0 0 0 0 0 0 0 0 0 0 0 0 0 0 0 0 0 0 0 0 0 0 0 0 0 0 0 0 0 0 0 94
0 0 0 0 0 0 0 0 48 0 0 0 0 0 0 0 0 0 0 0 0 0 0 0 0 50 0 90 0 0 0 0 0 0 0 72 66 39 0 0 0 0 0 0 0 0 0 0 54 0
0 0 0 0 0 0 0 0 0 0 0 0 0 0 0 0 84 0 34 0 0 0 0 74 0 0 0 0 32 72 0 0 0 0 0 0 0 0 0 78 0 0 0 0 0 0 0 49 0 0
0 0 0 0 0 0 0 0 0 0 0 0 0 0 0 0 0 76 36 26 63 0 0 0 87 0 0 0 0 0 0 94 0 0 0 0 0 0 0 0 0 0 0 0 0 0 84 0 0 0
0 0 0 0 0 0 0 0 0 0 0 0 0 0 0 0 0 0 0 0 0 0 0 0 0 0 0 0 0 0 0 0 0 0 0 0 0 0 0 0 0 0 0 0 0 0 0 0 0 0
0 47 75 0 60 0 0 0 0 0 0 0 0 0 0 29 0 0 0 0 0 30 34 0 0 0 47 0 0 0 0 0 0 0 0 0 0 0 0 0 0 0 53 4 0 33 0 42 0 0
0 0 0 0 0 0 0 0 0 0 0 0 0 0 0 0 0 0 0 57 0 0 0 0 0 0 0 0 0 0 0 0 0 0 0 0 0 0 0 0 0 0 0 0 72 0 0 0 0 0
Uj=		 [0, 1, 1, 1, 1, 1, 1, 0, 1, 1]
Dk=		 [41 47 75 41 60 27 43 52 79 44 37 99 40 20 48 29 84 76 70 83 63 30 34 74 87 50 47 90 94 72 14 94 59 56 29 72 66 39 24 78 48 12 53 27 72 33 84 91 54 94]
Optim        = 174952
Cost fix OpD = 19784
Cost     D2R = 123331
Cost fix D2R = 31837
