Fj=		 [2945 1839 2973 1803 4459 2819 4956 3646 2245 1072]
Xjk=
0 0 0 0 0 0 0 0 0 0 0 0 0 0 74 0 0 0 70 0 0 0 0 0 0 0 0 0 0 98 85 79 0 92 0 0 31 0 0 0 0 0 0 0 0 0 0 0 0 0
61 0 80 0 0 0 0 0 0 0 0 0 0 90 0 0 0 0 0 0 88 0 0 74 0 39 11 0 0 0 0 0 0 0 0 0 0 0 0 0 0 48 0 77 0 0 0 0 0 0
0 0 0 0 0 0 0 0 0 0 0 0 0 0 0 0 0 0 0 0 0 0 0 0 0 0 0 0 0 0 0 0 0 0 0 0 0 0 0 0 0 0 0 0 97 0 0 0 0 0
0 0 0 0 0 0 41 40 42 0 0 0 53 0 0 0 0 0 0 0 0 83 13 0 0 0 79 0 0 0 0 0 36 0 0 0 0 0 0 24 0 0 0 0 0 78 53 0 0 0
0 0 0 0 0 0 0 0 0 0 0 0 0 0 0 0 0 0 0 0 0 0 0 0 0 0 0 0 0 0 0 0 0 0 0 0 0 0 0 0 0 0 0 0 0 0 0 0 0 0
0 0 0 0 0 0 0 0 0 0 0 0 0 0 0 0 0 0 0 0 0 0 0 0 0 0 0 0 0 0 0 0 0 0 0 0 0 0 0 0 0 0 0 0 0 0 0 0 0 0
0 0 0 0 0 0 0 0 0 0 0 0 0 0 0 0 0 0 13 0 0 0 0 0 0 0 0 82 0 0 0 0 0 0 0 0 0 0 0 0 0 0 0 0 0 0 0 0 0 0
0 0 0 0 0 0 0 0 0 0 0 94 0 0 0 0 0 0 0 0 0 0 0 0 0 0 0 0 0 0 0 0 0 0 0 0 0 0 0 0 0 0 0 0 0 0 0 0 0 0
0 0 0 72 93 0 0 0 0 89 0 0 0 0 0 0 0 87 0 0 0 0 0 0 0 49 0 0 0 0 0 0 0 0 0 0 41 0 0 0 0 0 0 0 0 0 0 0 0 80
0 24 0 0 0 45 0 0 0 0 24 0 0 0 0 59 10 0 0 55 0 0 52 0 40 0 0 0 32 0 0 0 0 0 26 25 0 21 33 0 61 0 16 0 0 0 0 54 14 0
Uj=		 [1, 1, 1, 1, 0, 0, 1, 1, 1, 1]
Dk=		 [61 24 80 72 93 45 41 40 42 89 24 94 53 90 74 59 10 87 83 55 88 83 65 74 40 88 90 82 32 98 85 79 36 92 26 25 72 21 33 24 61 48 16 77 97 78 53 54 14 80]
Optim        = 180182
Cost fix OpD = 21479
Cost     D2R = 126795
Cost fix D2R = 31908
