Fj=		 [3299 4432 2989 4138 2400 2270 3050 2912 1998 3901]
Xjk=
0 0 0 0 0 0 0 0 0 0 0 0 0 0 0 0 0 72 0 0 0 0 0 0 0 0 0 0 94 0 0 0 0 0 0 0 86 74 0 61 31 0 0 0 0 94 0 0 0 0
0 0 0 0 0 0 0 0 0 0 0 0 0 0 0 82 0 0 0 0 0 0 25 28 0 0 0 0 0 29 0 0 93 50 0 0 0 0 0 0 0 0 62 89 0 0 0 39 0 0
0 0 0 0 64 58 0 0 0 0 0 0 0 0 0 0 0 0 0 85 0 0 0 0 0 0 59 58 0 0 0 0 0 0 0 72 0 0 0 0 0 0 0 0 100 0 0 0 0 0
48 0 0 87 0 0 0 0 30 0 0 0 0 31 0 0 64 0 0 0 0 0 0 0 0 0 0 0 0 0 80 36 0 0 53 0 0 0 0 0 0 0 0 0 0 0 0 0 73 0
0 0 0 0 0 0 34 76 40 46 0 94 66 0 49 0 0 0 0 0 0 0 0 0 24 61 0 0 0 0 0 0 0 0 0 0 0 0 23 0 0 23 0 0 0 0 0 0 0 0
0 17 19 0 0 0 0 0 0 0 14 0 0 0 0 0 0 0 22 0 64 15 0 0 0 0 0 0 0 0 0 0 0 0 0 20 0 0 0 36 0 34 7 0 0 0 10 0 0 16
0 0 0 0 0 0 0 0 0 0 0 0 0 0 0 0 0 0 0 0 0 0 0 0 0 0 0 0 0 0 0 0 0 0 0 0 0 0 0 0 0 0 0 0 0 0 0 0 0 0
0 0 0 0 0 0 0 0 0 0 0 0 0 0 0 0 0 0 0 0 0 0 0 0 0 0 0 0 0 0 0 0 0 0 0 0 0 0 0 0 0 0 0 0 0 0 0 0 0 0
0 0 0 0 0 0 0 0 0 0 0 0 0 0 0 0 0 0 0 0 0 0 0 0 0 0 0 0 0 0 0 0 0 0 0 0 0 0 0 0 0 0 0 0 0 0 0 0 0 0
0 0 0 0 0 0 0 0 0 0 0 0 0 0 0 0 0 0 0 0 0 0 0 0 0 0 0 0 0 0 0 0 0 0 0 0 0 0 0 0 0 0 0 0 0 0 0 0 0 0
Uj=		 [1, 1, 1, 1, 1, 1, 0, 0, 0, 0]
Dk=		 [48 17 19 87 64 58 34 76 70 46 14 94 66 31 49 82 64 72 22 85 64 15 25 28 24 61 59 58 94 29 80 36 93 50 53 92 86 74 23 97 31 57 69 89 100 94 10 39 73 16]
Optim        = 169988
Cost fix OpD = 19528
Cost     D2R = 121158
Cost fix D2R = 29302
