Fj=		 [2726 1957 1387 1226 4537 2207 4915 4504 3580 3368]
Xjk=
0 0 0 0 0 0 0 0 0 0 0 0 0 0 0 0 0 0 0 0 0 0 0 0 0 0 0 0 0 0 0 0 0 0 0 0 0 0 0 0 0 0 0 0 0 0 0 0 0 0
100 0 0 0 0 0 0 0 0 0 0 0 0 0 0 21 0 0 0 45 0 53 0 0 0 0 0 73 0 0 0 0 0 0 0 56 56 0 0 85 0 0 0 0 0 0 0 0 0 77
0 26 54 0 0 43 26 16 0 28 0 49 12 16 0 0 25 0 0 0 0 0 14 15 0 0 0 0 46 33 54 0 0 17 0 0 0 47 18 0 0 0 0 0 0 0 0 0 0 0
0 0 0 45 22 8 0 0 0 0 24 0 0 0 67 55 0 0 0 0 0 0 0 0 0 0 46 0 0 0 0 0 40 0 45 0 0 0 0 0 0 0 88 0 34 36 0 0 46 0
0 0 0 0 0 0 0 0 0 0 0 0 0 0 0 0 0 0 0 0 0 0 0 0 0 0 0 0 0 0 0 0 0 0 0 0 0 0 0 0 0 0 0 0 0 0 0 0 0 0
0 0 0 0 0 0 0 0 93 0 0 0 0 0 0 0 0 0 87 0 0 46 0 0 76 74 0 0 0 0 0 32 0 0 0 0 0 0 0 0 0 77 0 0 0 0 89 0 0 0
0 0 0 0 0 0 0 0 0 0 0 0 0 0 0 0 0 0 0 0 0 0 0 0 0 0 0 0 0 0 0 65 0 0 0 0 0 0 0 0 96 0 0 0 0 0 0 0 0 0
0 0 0 0 0 0 0 0 0 0 0 0 0 0 0 0 0 0 0 0 0 0 0 0 0 0 0 0 0 0 0 0 0 0 0 0 0 0 0 0 0 0 0 84 0 0 0 98 0 0
0 0 0 0 0 0 0 0 0 0 0 0 0 0 0 0 0 99 0 0 97 0 0 0 0 0 0 0 0 0 0 0 0 0 0 0 0 0 0 0 0 0 0 0 0 0 0 0 0 0
0 0 0 0 0 0 0 0 0 0 0 0 0 0 0 0 0 0 0 0 0 0 0 0 0 0 0 0 0 0 0 0 0 0 0 0 0 0 0 0 0 0 0 0 0 0 0 0 0 0
Uj=		 [0, 1, 1, 1, 0, 1, 1, 1, 1, 0]
Dk=		 [100 26 54 45 22 51 26 16 93 28 24 49 12 16 67 76 25 99 87 45 97 99 14 15 76 74 46 73 46 33 54 97 40 17 45 56 56 47 18 85 96 77 88 84 34 36 89 98 46 77]
Optim        = 163686
Cost fix OpD = 19776
Cost     D2R = 113724
Cost fix D2R = 30186
