Fj=		 [1643 1047 3502 4115 4203 4082 4747 2295 2578 1436]
Xjk=
0 77 0 0 0 0 0 0 44 0 0 62 0 0 0 0 0 0 19 0 0 0 0 0 0 0 0 0 0 0 38 0 0 0 0 0 0 40 71 0 46 0 0 0 0 0 0 57 0 0
20 0 0 0 0 27 0 0 0 17 0 0 0 0 0 0 81 0 0 0 0 0 51 0 11 38 61 17 32 25 0 0 36 0 0 0 22 0 0 0 0 0 18 17 0 0 12 0 0 0
0 0 0 0 0 0 19 85 0 0 0 0 0 0 0 78 0 0 0 0 0 0 0 0 0 0 0 0 0 0 0 0 0 0 0 0 0 41 0 39 0 0 0 0 0 0 0 0 88 96
0 0 0 0 0 0 0 0 0 0 0 0 0 0 0 0 0 0 0 98 0 0 0 0 0 0 0 0 0 0 0 0 0 0 0 0 0 0 0 0 0 0 0 0 0 0 0 0 0 0
0 0 0 76 0 0 0 0 0 0 0 0 0 0 0 0 0 91 0 0 0 0 0 0 0 0 0 0 0 0 0 96 0 0 0 0 0 0 0 0 0 0 0 0 0 0 0 0 0 0
0 0 0 0 0 0 0 0 0 0 0 0 0 0 0 0 0 0 0 0 0 0 0 0 0 0 0 0 0 0 0 0 0 88 0 0 0 0 0 0 0 0 0 0 71 0 0 0 0 0
0 0 0 0 0 0 0 0 0 0 0 0 0 0 0 0 0 0 0 0 0 0 0 0 0 0 0 0 0 0 0 0 0 0 0 0 0 0 0 0 0 0 0 0 0 0 0 0 0 0
0 0 0 0 0 0 73 0 0 0 0 0 0 33 0 0 0 0 0 0 62 0 0 73 0 0 0 0 0 0 0 0 0 0 67 52 0 0 0 0 0 78 0 0 0 0 0 0 0 0
0 0 0 0 0 0 0 0 0 0 0 0 0 0 0 0 0 0 0 0 0 0 0 0 0 0 0 0 0 0 0 0 0 0 0 0 0 0 0 0 0 0 0 0 0 0 0 0 0 0
0 0 61 0 98 0 0 0 0 0 56 0 29 0 40 0 0 0 30 0 0 20 0 0 0 0 0 0 0 0 0 0 0 0 0 0 0 0 0 0 0 0 0 0 0 42 38 0 0 0
Uj=		 [1, 1, 1, 1, 1, 1, 0, 1, 0, 1]
Dk=		 [20 77 61 76 98 27 92 85 44 17 56 62 29 33 40 78 81 91 49 98 62 20 51 73 11 38 61 17 32 25 38 96 36 88 67 52 22 81 71 39 46 78 18 17 71 42 50 57 88 96]
Optim        = 172891
Cost fix OpD = 22323
Cost     D2R = 121968
Cost fix D2R = 28600
