Fj=		 [2002 1059 2858 4728 1535 3590 2907 4457 2965 4357]
Xjk=
0 0 0 81 0 0 0 0 59 0 0 0 0 0 64 0 0 77 0 0 0 0 0 0 0 0 0 0 0 0 0 0 88 0 0 0 0 97 0 3 0 0 0 0 0 0 0 0 54 0
0 0 0 0 0 0 70 73 0 0 0 0 0 0 0 0 0 0 0 0 0 0 0 0 0 0 0 88 0 0 0 0 0 0 0 84 0 0 0 0 99 0 61 68 0 0 0 0 0 0
0 0 46 0 0 0 0 0 0 28 17 84 19 0 0 0 0 0 85 0 53 22 22 31 0 0 19 0 43 50 12 0 0 0 0 0 67 0 0 0 0 0 0 0 36 0 0 0 0 0
0 0 0 0 0 0 0 0 0 0 0 0 0 0 0 0 0 0 0 0 0 0 0 0 0 0 0 0 0 0 0 0 0 0 0 0 0 0 0 0 0 0 0 0 0 0 0 0 0 0
0 0 0 0 57 66 0 0 0 0 0 0 0 0 0 0 0 0 0 0 0 0 0 0 17 95 0 0 0 0 0 0 0 0 0 0 0 0 0 0 0 82 0 0 0 0 54 66 0 78
0 0 0 0 0 0 0 0 0 0 0 0 0 0 0 0 0 0 0 19 0 0 0 0 32 0 0 0 0 0 34 0 0 0 0 0 0 0 0 0 0 0 0 3 0 0 0 0 0 0
0 0 0 0 0 0 0 0 0 0 0 0 0 0 0 0 0 0 0 0 0 0 0 0 0 0 0 0 0 0 0 0 0 0 0 0 0 0 0 0 0 0 0 0 0 0 0 0 0 0
0 0 0 0 0 0 0 0 0 0 0 0 0 0 0 0 0 0 0 0 0 0 0 0 0 0 0 0 0 0 0 0 0 0 0 0 0 0 0 0 0 0 0 0 0 0 0 0 0 0
51 96 0 0 0 0 0 0 0 0 0 0 0 28 0 42 42 0 0 0 0 0 0 0 0 0 0 0 3 0 0 54 0 78 27 0 0 0 47 19 0 0 0 0 0 90 0 0 0 0
0 0 0 0 0 0 0 0 0 0 0 0 0 0 0 0 0 0 0 0 0 0 0 0 0 0 0 0 0 0 0 0 0 0 0 0 0 0 0 0 0 0 0 0 0 0 0 0 0 0
Uj=		 [1, 1, 1, 0, 1, 1, 0, 0, 1, 0]
Dk=		 [51 96 46 81 57 66 70 73 59 28 17 84 19 28 64 42 42 77 85 19 53 22 22 31 49 95 19 88 46 50 46 54 88 78 27 84 67 97 47 22 99 82 61 71 36 90 54 66 54 78]
Optim        = 174907
Cost fix OpD = 14009
Cost     D2R = 128392
Cost fix D2R = 32506
