Fj=		 [4965 2143 4824 4677 1508 2309 4228 1809 3641 1976]
Xjk=
0 60 0 0 0 97 60 0 0 0 0 0 0 0 0 0 0 32 74 0 0 31 0 0 0 0 0 0 0 0 0 0 0 91 0 0 0 0 0 0 0 66 0 0 0 0 0 0 0 0
0 0 0 0 0 0 0 0 0 14 0 66 0 0 76 0 0 0 0 0 0 0 46 0 0 0 43 0 0 0 0 0 0 0 0 49 0 79 0 0 0 0 71 0 0 0 0 0 74 0
0 0 14 0 75 0 0 0 0 0 0 0 0 0 0 45 0 0 0 0 0 49 0 0 0 0 0 0 0 0 29 61 50 0 0 0 0 0 0 0 0 0 0 79 0 45 0 0 0 42
0 0 0 0 0 0 0 0 0 0 0 0 0 77 0 0 0 0 0 67 17 0 0 0 0 1 0 98 20 22 0 22 0 0 0 0 0 0 0 74 38 0 0 0 0 0 0 63 0 0
12 0 0 29 0 0 0 21 17 42 20 0 13 0 0 0 81 0 0 0 0 0 0 24 57 95 0 0 0 0 0 0 0 0 13 0 17 0 12 0 0 0 0 0 11 0 16 0 0 0
0 0 0 0 0 0 0 0 0 0 0 0 0 0 0 0 0 0 0 0 0 0 0 0 0 0 0 0 0 0 0 0 0 0 0 0 0 0 0 0 0 0 0 0 0 0 0 0 0 0
0 0 0 0 0 0 0 0 0 0 0 0 0 0 0 0 0 0 0 0 0 0 0 0 0 0 0 0 0 0 0 0 0 0 0 0 0 0 0 0 0 0 0 0 0 0 0 0 0 0
0 0 0 0 0 0 0 0 0 0 0 0 0 0 0 0 0 0 0 0 0 0 0 0 0 0 0 0 0 0 0 0 0 0 0 0 0 0 0 0 0 0 0 0 0 0 0 0 0 0
0 0 0 0 0 0 0 0 0 0 0 0 0 0 0 0 0 0 0 0 0 0 0 0 0 0 0 0 0 0 0 0 0 0 0 0 0 0 0 0 0 0 0 0 0 0 0 0 0 0
0 0 0 0 0 0 0 0 0 0 0 0 0 0 0 0 0 0 0 0 0 0 0 0 0 0 0 0 0 0 0 0 0 0 0 0 0 0 0 0 0 0 0 0 0 0 0 0 0 0
Uj=		 [1, 1, 1, 1, 1, 0, 0, 0, 0, 0]
Dk=		 [12 60 14 29 75 97 60 21 17 56 20 66 13 77 76 45 81 32 74 67 17 80 46 24 57 96 43 98 20 22 29 83 50 91 13 49 17 79 12 74 38 66 71 79 11 45 16 63 74 42]
Optim        = 161698
Cost fix OpD = 18117
Cost     D2R = 111961
Cost fix D2R = 31620
