Fj=		 [3651 1446 2173 3671 2517 2218 2409 3305 1716 3634]
Xjk=
0 0 0 0 0 14 43 0 0 0 0 0 0 0 0 0 0 76 0 0 63 0 0 0 0 0 0 90 0 0 0 0 0 0 0 0 0 0 0 78 0 0 0 0 0 0 0 0 54 0
0 47 0 0 0 0 0 0 0 44 0 0 40 0 48 0 0 0 0 0 0 0 0 74 0 0 0 0 0 0 0 0 0 3 0 72 0 0 0 0 0 0 0 0 0 0 0 0 0 94
0 0 0 0 0 0 0 0 0 0 37 99 0 0 0 0 0 0 0 0 0 0 0 0 0 0 0 0 94 0 0 79 0 53 0 0 66 0 0 0 0 0 0 0 0 0 0 0 0 0
41 0 75 0 0 0 0 52 79 0 0 0 0 0 0 0 0 0 70 0 0 0 0 0 0 4 0 0 0 0 0 0 0 0 0 0 0 0 0 0 0 0 0 0 0 0 84 0 0 0
0 0 0 0 0 0 0 0 0 0 0 0 0 0 0 29 0 0 0 0 0 0 0 0 82 46 47 0 0 72 0 0 0 0 0 0 0 39 24 0 0 0 53 27 0 0 0 0 0 0
0 0 0 41 0 0 0 0 0 0 0 0 0 20 0 0 84 0 0 83 0 0 0 0 0 0 0 0 0 0 14 0 0 0 0 0 0 0 0 0 18 0 0 0 72 0 0 91 0 0
0 0 0 0 60 13 0 0 0 0 0 0 0 0 0 0 0 0 0 0 0 30 34 0 5 0 0 0 0 0 0 15 59 0 29 0 0 0 0 0 30 12 0 0 0 33 0 0 0 0
0 0 0 0 0 0 0 0 0 0 0 0 0 0 0 0 0 0 0 0 0 0 0 0 0 0 0 0 0 0 0 0 0 0 0 0 0 0 0 0 0 0 0 0 0 0 0 0 0 0
0 0 0 0 0 0 0 0 0 0 0 0 0 0 0 0 0 0 0 0 0 0 0 0 0 0 0 0 0 0 0 0 0 0 0 0 0 0 0 0 0 0 0 0 0 0 0 0 0 0
0 0 0 0 0 0 0 0 0 0 0 0 0 0 0 0 0 0 0 0 0 0 0 0 0 0 0 0 0 0 0 0 0 0 0 0 0 0 0 0 0 0 0 0 0 0 0 0 0 0
Uj=		 [1, 1, 1, 1, 1, 1, 1, 0, 0, 0]
Dk=		 [41 47 75 41 60 27 43 52 79 44 37 99 40 20 48 29 84 76 70 83 63 30 34 74 87 50 47 90 94 72 14 94 59 56 29 72 66 39 24 78 48 12 53 27 72 33 84 91 54 94]
Optim        = 169588
Cost fix OpD = 18085
Cost     D2R = 119769
Cost fix D2R = 31734
