Fj=		 [2556 2206 1270 1780 4660 2355 2072 1335 1006 3468]
Xjk=
0 0 88 0 48 0 0 0 0 0 0 13 79 0 0 0 0 0 0 0 0 0 0 0 49 0 0 0 0 0 0 0 0 0 0 0 0 0 0 0 0 0 0 0 0 0 0 0 0 0
0 62 0 51 0 0 0 0 0 0 0 0 0 0 0 0 0 0 0 0 0 0 0 0 27 0 0 0 0 0 0 5 0 0 89 0 0 0 0 0 0 0 0 0 44 0 0 0 0 0
0 0 0 0 0 0 0 0 0 0 0 0 0 0 0 0 25 0 0 0 0 0 95 0 0 0 0 21 1 0 0 0 0 0 0 0 0 42 0 61 0 0 0 0 0 0 0 0 0 0
0 0 0 0 0 0 98 0 0 0 0 0 0 0 0 0 0 38 0 14 0 0 0 0 0 0 0 0 0 0 0 0 34 35 0 0 0 0 0 0 0 0 0 0 0 0 49 0 0 0
0 0 0 0 0 0 0 0 0 0 0 0 0 0 0 0 0 0 0 0 2 0 0 0 0 0 0 0 0 0 0 0 0 0 0 89 0 0 0 0 0 0 0 0 0 0 0 0 0 96
0 0 0 0 0 0 0 0 0 0 0 0 0 0 0 0 0 0 0 0 0 0 0 0 0 87 0 0 0 0 0 51 0 0 0 0 37 0 0 0 25 0 90 0 0 0 0 0 0 0
0 0 0 0 0 0 0 0 0 0 0 85 0 56 0 0 0 0 0 0 0 65 0 0 0 0 0 0 0 0 0 0 0 0 0 0 0 0 0 0 0 0 0 0 0 0 0 63 53 0
0 0 0 0 0 33 0 0 0 66 28 0 0 0 0 0 0 0 0 67 0 0 3 0 0 0 0 0 0 42 46 0 0 0 0 0 0 0 0 0 0 0 0 0 0 0 0 0 0 0
25 0 0 0 0 0 0 31 20 0 0 0 0 0 11 15 0 0 23 0 0 0 0 0 0 0 14 0 65 0 0 0 0 0 0 0 0 0 0 0 0 20 0 21 0 57 0 0 0 0
0 0 0 0 0 0 0 0 0 0 0 0 0 19 0 0 0 0 0 0 97 0 0 96 0 0 0 0 0 0 0 0 0 0 0 0 0 0 86 0 0 0 0 0 0 0 0 0 0 0
Uj=		 [1, 1, 1, 1, 1, 1, 1, 1, 1, 1]
Dk=		 [25 62 88 51 48 33 98 31 20 66 28 98 79 75 11 15 25 38 23 81 99 65 98 96 76 87 14 21 66 42 46 56 34 35 89 89 37 42 86 61 25 20 90 21 44 57 49 63 53 96]
Optim        = 169153
Cost fix OpD = 22708
Cost     D2R = 115245
Cost fix D2R = 31200
