Fj=		 [2597 1947 3457 3846 3017 1147 4351 2369 4693 1241]
Xjk=
0 0 0 72 0 0 0 51 0 0 0 0 0 0 0 0 0 0 0 0 0 0 0 0 0 0 0 0 0 0 67 0 0 79 0 0 0 0 0 0 0 0 0 0 0 0 0 0 71 0
0 0 74 0 0 0 0 0 0 0 0 0 0 72 0 0 13 0 0 43 0 0 0 50 0 0 0 0 0 0 0 0 0 0 0 0 0 0 0 0 0 0 0 0 0 0 7 0 0 52
0 0 0 13 0 0 0 0 0 0 0 0 0 0 0 0 0 0 0 0 99 0 0 0 0 0 69 0 0 0 0 0 57 0 0 0 0 0 0 0 56 0 0 0 0 0 0 0 0 0
0 0 0 0 0 0 0 0 0 0 0 89 0 0 0 0 0 0 0 0 0 0 0 0 0 0 0 0 0 0 0 55 0 0 0 77 0 0 0 0 23 0 0 0 33 0 0 0 0 0
0 0 0 0 0 0 0 0 0 69 0 0 0 0 0 0 50 0 73 0 0 0 0 0 0 0 0 52 0 0 0 0 0 0 0 0 0 0 0 0 0 0 0 73 3 0 0 0 0 0
15 13 0 0 0 0 0 0 0 0 0 0 26 0 0 14 0 10 0 0 0 29 36 0 35 0 0 0 18 34 0 0 0 0 31 0 18 20 13 0 0 0 0 0 0 0 0 0 0 0
0 0 0 0 0 0 0 0 0 0 73 0 0 0 0 0 0 0 0 0 0 0 0 0 0 0 0 0 0 0 0 0 0 0 0 0 0 0 0 0 0 83 0 0 61 0 0 67 0 0
0 0 0 0 0 56 41 0 0 0 0 0 0 0 0 0 0 0 0 0 0 0 0 0 0 0 0 0 0 0 0 0 0 0 0 0 0 0 0 0 0 0 79 0 0 50 63 0 0 0
0 0 0 0 0 0 0 0 0 0 0 0 0 0 0 0 0 0 0 0 0 0 0 0 0 0 0 0 0 0 0 0 0 0 0 0 0 0 0 0 0 0 0 0 0 0 0 20 0 0
0 0 0 0 64 0 0 15 48 0 0 0 0 0 64 0 0 0 0 0 0 0 0 0 0 36 0 0 0 5 0 0 0 0 0 0 0 0 0 46 0 0 0 0 0 0 0 0 0 0
Uj=		 [1, 1, 1, 1, 1, 1, 1, 1, 1, 1]
Dk=		 [15 13 74 85 64 56 41 66 48 69 73 89 26 72 64 14 63 10 73 43 99 29 36 50 35 36 69 52 18 39 67 55 57 79 31 77 18 20 13 46 79 83 79 73 97 50 70 87 71 52]
Optim        = 180103
Cost fix OpD = 28665
Cost     D2R = 114582
Cost fix D2R = 36856
