Fj=		 [4690 1784 2109 1276 1370 1690 4891 1808 3032 4059]
Xjk=
0 0 0 0 96 0 0 0 0 0 0 0 0 0 0 0 0 0 0 0 0 0 0 0 0 0 0 0 0 0 0 0 0 0 0 0 0 80 0 0 0 0 88 0 0 0 75 0 0 0
0 0 0 0 0 0 0 0 0 0 0 0 0 0 0 62 0 0 0 0 0 0 0 0 0 0 0 0 0 91 22 0 68 0 0 91 0 0 0 0 0 0 0 0 0 0 0 0 0 0
0 0 0 0 0 0 0 0 0 0 0 0 60 0 7 0 0 74 0 58 0 0 0 0 0 0 0 0 100 0 0 0 0 0 0 0 0 0 0 0 0 0 0 0 0 0 0 37 0 0
0 0 0 0 0 0 0 70 0 0 0 0 0 87 0 0 0 0 0 0 0 0 0 0 0 0 0 0 0 0 0 0 0 0 0 0 0 0 0 0 0 0 0 0 51 58 0 0 17 61
0 0 0 24 0 0 0 0 0 0 0 10 0 0 0 0 0 0 41 0 0 0 57 0 43 84 0 0 0 0 0 0 0 0 0 0 0 0 0 0 0 0 0 0 0 0 0 0 83 0
0 0 58 0 0 94 58 0 0 0 0 0 0 0 0 0 0 0 0 0 0 0 0 0 0 0 0 0 0 0 47 0 0 0 0 0 63 0 39 0 0 0 0 0 0 0 0 0 0 0
95 0 0 0 0 0 0 0 22 30 0 32 0 0 66 0 0 0 0 0 0 0 0 0 0 0 0 20 0 0 0 0 0 39 0 0 0 0 0 0 25 18 0 0 0 0 0 0 0 0
0 27 0 0 0 0 0 0 0 0 19 0 0 0 0 0 0 0 0 0 0 48 0 24 0 0 0 0 0 0 0 56 0 0 86 0 0 0 0 91 0 0 0 0 0 0 0 0 0 0
0 0 0 0 0 0 0 0 0 0 0 0 0 0 11 0 13 0 0 0 42 0 0 0 0 0 73 0 0 0 0 0 0 0 0 0 0 11 40 0 0 0 0 14 0 0 0 0 0 0
0 0 0 0 0 0 0 0 0 0 0 0 0 0 0 0 0 0 0 0 0 0 0 0 0 0 0 0 0 0 0 0 0 0 0 0 0 0 0 0 0 0 0 0 0 0 0 0 0 0
Uj=		 [1, 1, 1, 1, 1, 1, 1, 1, 1, 0]
Dk=		 [95 27 58 24 96 94 58 70 22 30 19 42 60 87 84 62 13 74 41 58 42 48 57 24 43 84 73 20 100 91 69 56 68 39 86 91 63 91 79 91 25 18 88 14 51 58 75 37 100 61]
Optim        = 171645
Cost fix OpD = 22650
Cost     D2R = 117046
Cost fix D2R = 31949
