Fj=		 [3746 1948 3979 2372 3537 2500 4276 2020 2007 1109]
Xjk=
0 0 0 0 0 0 0 0 0 0 0 0 0 0 0 0 0 0 0 0 0 0 0 0 0 0 0 0 0 0 0 0 0 0 0 0 0 0 0 0 0 0 0 0 0 0 0 0 0 0
0 0 0 0 0 0 0 0 0 0 0 0 0 0 0 0 0 0 0 0 0 0 0 0 0 0 0 0 0 0 0 0 94 95 0 0 0 0 0 0 0 0 0 0 0 0 0 74 0 82
0 0 0 0 0 0 25 12 0 0 0 0 0 0 4 0 0 23 0 0 0 0 0 16 0 14 0 17 0 0 0 0 0 0 1 0 0 33 0 0 15 0 20 31 40 0 0 0 0 3
0 0 0 0 0 0 0 0 20 0 0 41 0 38 34 0 0 0 0 0 0 81 0 0 0 0 0 0 0 64 0 0 0 0 0 0 0 0 0 0 0 0 0 0 0 80 0 0 0 0
11 0 0 0 0 0 0 0 0 44 0 0 0 0 0 0 83 0 0 0 0 0 37 0 26 0 0 0 0 0 0 0 0 0 27 0 0 0 0 78 0 0 0 0 0 0 0 0 70 0
0 0 0 0 0 0 0 0 0 0 40 0 0 0 49 75 0 0 0 0 0 0 0 0 0 0 0 0 0 0 0 0 0 0 0 0 78 0 58 0 0 0 0 0 0 0 82 0 0 0
0 0 0 0 0 0 0 0 0 0 0 0 0 0 0 0 0 0 0 0 0 0 0 0 0 0 0 0 0 0 0 0 0 0 0 0 0 0 0 0 0 0 0 0 0 0 0 0 0 0
0 30 0 0 0 0 0 0 0 0 0 0 0 0 0 0 0 0 55 74 76 12 0 0 0 0 0 0 0 0 81 0 0 0 0 0 0 0 0 0 0 58 0 0 0 0 0 0 0 0
0 0 64 0 35 0 0 0 0 0 0 0 83 0 0 10 0 0 0 0 0 0 0 0 0 0 99 0 0 0 0 0 0 0 0 73 0 0 0 0 0 0 0 0 0 0 0 0 0 0
0 0 0 92 0 64 0 0 0 0 0 0 0 0 0 0 0 0 0 0 0 0 0 0 0 0 0 0 99 13 0 70 0 0 0 0 0 0 0 0 0 0 0 0 0 0 0 0 0 0
Uj=		 [0, 1, 1, 1, 1, 1, 0, 1, 1, 1]
Dk=		 [11 30 64 92 35 64 25 12 20 44 40 41 83 38 87 85 83 23 55 74 76 93 37 16 26 14 99 17 99 77 81 70 94 95 28 73 78 33 58 78 15 58 20 31 40 80 82 74 70 85]
Optim        = 161967
Cost fix OpD = 19472
Cost     D2R = 111446
Cost fix D2R = 31049
