Fj=		 [2556 2206 1270 1780 4660 2355 2072 1335 1006 3468]
Xjk=
0 0 88 0 48 0 0 0 0 0 0 0 0 0 0 15 0 0 0 0 0 0 0 29 0 0 0 0 41 0 0 56 0 0 0 0 0 0 0 0 0 0 0 0 0 0 0 0 0 0
0 62 0 0 0 0 0 0 0 0 0 0 0 0 0 0 9 28 0 0 0 0 0 0 0 42 14 0 0 0 0 0 34 0 0 89 0 0 0 0 0 0 0 0 0 0 0 0 0 0
0 0 0 0 0 0 0 0 0 37 0 0 0 0 0 0 0 0 0 0 0 0 98 0 0 0 0 0 0 0 0 0 0 0 0 0 0 0 0 61 0 0 0 0 0 0 49 0 0 0
0 0 0 0 0 0 0 0 0 0 0 0 0 0 0 0 0 10 0 0 99 0 0 0 0 0 0 0 0 0 0 0 0 0 0 0 0 0 0 0 0 0 0 0 0 0 0 63 0 96
0 0 0 0 0 0 0 31 20 0 0 0 0 0 11 0 16 0 23 0 0 0 0 0 0 0 0 21 0 42 0 0 0 0 0 0 0 0 0 0 0 20 0 3 0 0 0 0 0 0
0 0 0 0 0 0 0 0 0 0 0 0 79 0 0 0 0 0 0 0 0 0 0 0 76 45 0 0 0 0 0 0 0 0 0 0 0 0 0 0 0 0 90 0 0 0 0 0 0 0
25 0 0 0 0 0 0 0 0 0 0 0 0 75 0 0 0 0 0 0 0 65 0 0 0 0 0 0 0 0 0 0 0 35 0 0 37 0 0 0 25 0 0 0 44 0 0 0 16 0
0 0 0 51 0 33 0 0 0 29 28 0 0 0 0 0 0 0 0 0 0 0 0 0 0 0 0 0 0 0 46 0 0 0 89 0 0 0 9 0 0 0 0 0 0 0 0 0 0 0
0 0 0 0 0 0 98 0 0 0 0 98 0 0 0 0 0 0 0 81 0 0 0 0 0 0 0 0 25 0 0 0 0 0 0 0 0 0 0 0 0 0 0 0 0 0 0 0 0 0
0 0 0 0 0 0 0 0 0 0 0 0 0 0 0 0 0 0 0 0 0 0 0 67 0 0 0 0 0 0 0 0 0 0 0 0 0 42 77 0 0 0 0 18 0 57 0 0 37 0
Uj=		 [1, 1, 1, 1, 1, 1, 1, 1, 1, 1]
Dk=		 [25 62 88 51 48 33 98 31 20 66 28 98 79 75 11 15 25 38 23 81 99 65 98 96 76 87 14 21 66 42 46 56 34 35 89 89 37 42 86 61 25 20 90 21 44 57 49 63 53 96]
Optim        = 172035
Cost fix OpD = 22708
Cost     D2R = 118013
Cost fix D2R = 31314
