Fj=		 [2339 1362 2224 4751 1314 1773 1001 3563 3805 1792]
Xjk=
0 0 0 0 0 0 0 0 0 0 0 0 0 0 0 0 0 0 0 0 0 0 0 0 0 0 0 0 0 0 0 0 0 0 0 0 0 0 0 0 0 0 0 0 0 0 0 0 0 0
0 0 0 67 0 0 0 0 0 0 0 41 0 71 0 0 51 0 0 0 0 0 0 0 0 37 28 0 0 0 0 0 0 0 0 0 31 0 0 0 0 0 0 0 79 0 0 0 45 0
0 0 0 0 0 0 81 0 59 0 0 0 0 0 0 0 0 0 99 0 0 0 0 0 89 0 0 40 0 0 0 0 0 0 0 0 0 0 0 0 0 0 0 0 0 0 0 0 0 0
0 0 0 0 0 0 0 0 0 0 0 0 0 0 0 0 0 0 0 0 0 0 0 0 0 0 0 0 0 0 0 0 0 0 0 0 0 0 0 0 0 0 0 0 0 0 0 0 0 0
0 0 0 0 0 0 0 0 0 64 0 0 0 0 0 0 0 0 0 0 0 0 0 0 0 0 0 0 63 9 4 0 0 0 90 50 0 88 0 0 0 0 38 0 0 0 0 32 0 0
0 97 0 0 0 0 0 0 0 0 87 0 0 0 52 0 0 0 0 0 0 0 0 0 0 0 0 0 0 0 53 0 0 74 0 0 0 0 70 0 0 0 0 0 8 0 0 0 0 0
33 0 25 0 0 25 0 15 0 0 0 0 38 0 0 29 0 15 0 14 19 0 24 0 0 0 0 0 0 14 0 17 61 0 0 0 0 0 0 0 29 24 0 23 0 0 0 0 0 37
0 0 0 0 96 0 0 0 0 0 0 0 0 0 0 0 0 0 0 0 0 0 0 0 0 0 0 0 0 0 0 0 0 0 0 0 0 0 0 0 0 0 0 0 0 0 0 0 0 0
0 0 0 0 0 0 0 0 0 0 0 0 0 0 0 0 0 0 0 0 0 0 0 0 0 0 0 0 0 0 0 0 0 0 0 0 0 0 0 93 0 0 0 0 0 0 0 0 0 0
0 0 0 0 0 0 0 0 10 0 0 0 0 0 0 0 0 0 0 0 0 78 0 99 0 0 0 0 0 0 0 0 0 24 0 0 0 0 0 0 0 0 0 0 0 90 97 0 0 0
Uj=		 [0, 1, 1, 0, 1, 1, 1, 1, 1, 1]
Dk=		 [33 97 25 67 96 25 81 15 69 64 87 41 38 71 52 29 51 15 99 14 19 78 24 99 89 37 28 40 63 23 57 17 61 98 90 50 31 88 70 93 29 24 38 23 87 90 97 32 45 37]
Optim        = 154983
Cost fix OpD = 16834
Cost     D2R = 110450
Cost fix D2R = 27699
