Fj=		 [1643 1047 3502 4115 4203 4082 4747 2295 2578 1436]
Xjk=
0 0 0 0 0 0 92 0 0 0 0 62 0 0 0 0 0 0 0 0 0 0 0 0 0 0 0 0 0 0 38 96 0 0 0 0 0 81 71 0 0 0 0 0 0 0 0 14 0 0
0 0 61 0 98 0 0 0 0 0 56 0 0 0 0 0 81 0 0 0 62 0 51 0 0 0 61 0 0 0 0 0 15 0 0 0 0 0 0 0 0 0 0 0 0 0 0 0 0 0
0 0 0 0 0 0 0 0 0 0 0 0 29 33 40 78 0 0 0 0 0 0 0 0 0 0 0 0 0 0 0 0 0 0 0 24 0 0 0 39 0 0 0 0 0 0 50 0 88 96
20 0 0 76 0 0 0 0 44 0 0 0 0 0 0 0 0 0 49 98 0 0 0 73 11 0 0 0 0 0 0 0 0 0 0 28 0 0 0 0 46 28 0 0 0 0 0 0 0 0
0 16 0 0 0 27 0 85 0 0 0 0 0 0 0 0 0 91 0 0 0 0 0 0 0 0 0 0 32 0 0 0 21 0 0 0 22 0 0 0 0 50 0 17 71 42 0 0 0 0
0 61 0 0 0 0 0 0 0 17 0 0 0 0 0 0 0 0 0 0 0 20 0 0 0 38 0 17 0 25 0 0 0 88 67 0 0 0 0 0 0 0 18 0 0 0 0 43 0 0
0 0 0 0 0 0 0 0 0 0 0 0 0 0 0 0 0 0 0 0 0 0 0 0 0 0 0 0 0 0 0 0 0 0 0 0 0 0 0 0 0 0 0 0 0 0 0 0 0 0
0 0 0 0 0 0 0 0 0 0 0 0 0 0 0 0 0 0 0 0 0 0 0 0 0 0 0 0 0 0 0 0 0 0 0 0 0 0 0 0 0 0 0 0 0 0 0 0 0 0
0 0 0 0 0 0 0 0 0 0 0 0 0 0 0 0 0 0 0 0 0 0 0 0 0 0 0 0 0 0 0 0 0 0 0 0 0 0 0 0 0 0 0 0 0 0 0 0 0 0
0 0 0 0 0 0 0 0 0 0 0 0 0 0 0 0 0 0 0 0 0 0 0 0 0 0 0 0 0 0 0 0 0 0 0 0 0 0 0 0 0 0 0 0 0 0 0 0 0 0
Uj=		 [1, 1, 1, 1, 1, 1, 0, 0, 0, 0]
Dk=		 [20 77 61 76 98 27 92 85 44 17 56 62 29 33 40 78 81 91 49 98 62 20 51 73 11 38 61 17 32 25 38 96 36 88 67 52 22 81 71 39 46 78 18 17 71 42 50 57 88 96]
Optim        = 179737
Cost fix OpD = 18592
Cost     D2R = 128027
Cost fix D2R = 33118
