Fj=		 [2945 1839 2973 1803 4459 2819 4956 3646 2245 1072]
Xjk=
0 2 0 0 0 29 0 40 0 0 0 0 0 0 0 0 10 0 0 0 0 0 0 0 0 0 0 0 32 53 30 0 36 0 0 0 0 21 33 24 0 5 16 0 0 0 0 0 0 0
61 0 80 0 0 0 0 0 0 0 0 0 0 90 0 0 0 0 0 0 88 0 0 74 40 0 0 0 0 0 0 0 0 92 0 0 0 0 0 0 0 43 0 0 0 0 0 0 0 0
0 22 0 0 0 0 0 0 0 0 24 0 53 0 0 0 0 0 0 0 0 0 0 0 0 0 0 82 0 0 0 0 0 0 0 0 72 0 0 0 0 0 0 0 97 0 0 54 0 80
0 0 0 0 93 0 41 0 42 0 0 0 0 0 0 0 0 87 0 0 0 83 0 0 0 88 0 0 0 0 55 0 0 0 0 0 0 0 0 0 0 0 0 0 0 0 53 0 0 0
0 0 0 0 0 0 0 0 0 0 0 0 0 0 0 0 0 0 0 0 0 0 0 0 0 0 0 0 0 0 0 0 0 0 0 0 0 0 0 0 0 0 0 0 0 0 0 0 0 0
0 0 0 0 0 0 0 0 0 0 0 0 0 0 0 0 0 0 0 0 0 0 0 0 0 0 0 0 0 0 0 0 0 0 0 0 0 0 0 0 0 0 0 0 0 0 0 0 0 0
0 0 0 0 0 0 0 0 0 0 0 0 0 0 0 0 0 0 0 0 0 0 0 0 0 0 0 0 0 0 0 0 0 0 0 0 0 0 0 0 0 0 0 0 0 0 0 0 0 0
0 0 0 0 0 0 0 0 0 0 0 0 0 0 0 0 0 0 0 0 0 0 0 0 0 0 0 0 0 0 0 0 0 0 0 0 0 0 0 0 0 0 0 0 0 0 0 0 0 0
0 0 0 72 0 0 0 0 0 89 0 0 0 0 0 0 0 0 83 0 0 0 0 0 0 0 0 0 0 45 0 79 0 0 26 25 0 0 0 0 0 0 0 0 0 78 0 0 14 0
0 0 0 0 0 16 0 0 0 0 0 94 0 0 74 59 0 0 0 55 0 0 65 0 0 0 90 0 0 0 0 0 0 0 0 0 0 0 0 0 61 0 0 77 0 0 0 0 0 0
Uj=		 [1, 1, 1, 1, 0, 0, 0, 0, 1, 1]
Dk=		 [61 24 80 72 93 45 41 40 42 89 24 94 53 90 74 59 10 87 83 55 88 83 65 74 40 88 90 82 32 98 85 79 36 92 26 25 72 21 33 24 61 48 16 77 97 78 53 54 14 80]
Optim        = 169446
Cost fix OpD = 12877
Cost     D2R = 125855
Cost fix D2R = 30714
