Fj=		 [2024 1222 3612 2291 2328 4035 2356 4764 4463 1416]
Xjk=
0 78 77 0 0 0 0 0 49 54 0 0 0 0 0 13 0 0 0 0 0 0 66 0 0 0 0 0 0 0 0 0 0 0 0 10 0 0 0 0 0 0 0 0 48 0 0 24 0 0
0 0 0 28 0 40 0 0 0 0 0 0 0 0 16 0 0 45 24 0 0 0 0 0 0 0 0 19 38 16 0 0 0 10 33 56 0 23 0 13 0 0 0 0 0 97 0 0 0 0
0 0 0 0 0 0 0 0 0 0 0 0 0 0 0 0 0 0 0 0 0 0 0 0 0 0 0 0 0 0 0 0 0 0 0 0 0 0 88 0 0 0 0 0 0 0 0 0 0 0
99 0 0 0 0 0 0 0 0 0 69 0 0 46 0 68 0 0 0 58 40 0 0 0 0 0 0 0 0 0 0 0 0 0 0 0 63 0 0 0 0 44 0 0 0 0 0 0 0 0
0 0 0 0 0 0 0 89 0 0 0 0 0 0 0 0 0 0 0 40 0 0 0 0 0 0 70 0 0 0 76 0 67 0 0 0 0 0 0 0 0 0 0 0 0 0 0 0 0 68
0 0 0 0 0 0 0 0 0 0 0 0 0 0 0 0 0 0 0 0 0 0 0 0 0 0 0 0 0 0 0 0 0 0 0 0 0 0 0 0 0 0 0 0 0 0 0 0 0 0
0 0 0 0 0 0 0 0 0 0 0 79 0 0 0 0 0 0 0 0 0 0 0 87 0 0 0 0 0 0 0 88 0 0 0 0 0 0 0 0 0 0 0 0 0 0 58 0 0 0
0 0 0 0 0 0 0 0 0 0 0 0 0 0 0 0 0 0 0 0 0 0 0 0 0 0 0 0 0 0 0 0 0 0 0 0 0 0 0 0 0 0 0 0 0 0 0 0 93 0
0 0 0 0 0 0 0 0 0 0 0 0 0 0 0 0 0 0 0 0 0 92 0 0 0 0 0 0 0 0 0 0 0 0 0 0 0 0 0 0 0 0 0 0 0 0 0 0 0 0
0 0 0 0 28 0 81 0 0 0 0 0 79 0 0 0 34 0 0 0 0 0 0 0 33 68 0 0 0 0 0 0 0 0 0 29 0 0 0 0 44 0 33 31 0 0 0 0 0 0
Uj=		 [1, 1, 1, 1, 1, 0, 1, 1, 1, 1]
Dk=		 [99 78 77 28 28 40 81 89 49 54 69 79 79 46 16 81 34 45 24 98 40 92 66 87 33 68 70 19 38 16 76 88 67 10 33 95 63 23 88 13 44 44 33 31 48 97 58 24 93 68]
Optim        = 169384
Cost fix OpD = 24476
Cost     D2R = 113927
Cost fix D2R = 30981
