Fj=		 [4237 3803 1535 4424 2922 1780 1312 4488 2578 4679]
Xjk=
0 60 0 0 0 0 78 0 68 0 0 0 0 0 0 0 0 0 0 0 0 0 0 0 0 0 0 0 46 0 0 0 0 0 0 0 0 0 0 0 0 0 0 0 0 0 0 0 0 0
0 0 0 0 0 0 0 0 0 0 0 0 0 0 0 0 0 0 48 0 0 0 0 60 73 0 0 0 0 0 0 0 0 0 13 0 0 0 0 0 0 0 53 0 0 0 0 0 0 0
76 0 0 0 0 92 0 0 0 0 0 0 0 0 0 0 0 0 0 0 0 0 0 0 0 0 0 0 0 0 0 0 0 0 0 0 0 0 0 0 0 0 0 0 0 0 79 0 0 0
0 0 0 0 0 0 0 54 0 0 0 0 0 39 0 0 0 0 0 0 0 0 0 0 0 0 0 0 0 0 0 0 0 0 0 0 0 62 20 0 0 0 0 95 0 0 0 0 0 0
0 0 66 16 0 0 0 0 0 0 0 0 0 0 0 0 0 0 0 0 0 0 0 0 0 0 0 0 0 0 0 0 0 0 0 0 71 0 0 0 0 0 0 0 33 0 0 0 0 66
0 0 0 0 0 0 0 0 0 0 0 0 0 0 0 0 0 0 0 0 0 75 28 0 0 0 0 0 0 0 0 0 0 71 0 0 0 0 0 0 0 89 0 0 0 0 0 0 0 0
0 0 0 59 0 0 0 0 0 0 0 0 0 0 0 0 0 0 0 31 0 0 0 0 0 0 0 0 0 0 0 0 0 0 48 0 0 0 0 0 0 0 0 0 0 21 0 77 0 0
0 0 0 0 0 0 0 0 0 0 0 0 0 0 93 0 32 0 0 0 24 0 0 0 0 0 0 0 0 0 0 0 12 0 0 0 0 0 0 0 0 0 0 0 0 0 0 0 56 0
0 0 0 0 14 0 0 0 0 0 32 0 0 0 0 26 0 25 0 0 0 0 0 0 0 0 10 0 38 21 20 0 0 0 0 29 0 0 0 40 0 0 0 0 0 0 0 0 0 0
4 0 0 0 0 0 0 0 0 37 0 16 11 0 0 8 0 0 0 0 2 0 6 0 0 21 0 19 0 0 0 41 0 0 0 0 0 0 6 0 12 0 0 0 0 19 0 0 0 0
Uj=		 [1, 1, 1, 1, 1, 1, 1, 1, 1, 1]
Dk=		 [80 60 66 75 14 92 78 54 68 37 32 16 11 39 93 34 32 25 48 31 26 75 34 60 73 21 10 19 84 21 20 41 12 71 61 29 71 62 26 40 12 89 53 95 33 40 79 77 56 66]
Optim        = 161342
Cost fix OpD = 31758
Cost     D2R = 98102
Cost fix D2R = 31482
