Xjk=
0 0 0 0 0 0 0 0 69 0 0 0 0 0 0 0 0 0 0 0 0 78 0 0 0 0 0 0 0 0 0 0 0 0 0 0 31 0 0 0 0 0 0 0 0 0 0 0 45 0
0 0 0 67 0 0 0 15 0 0 0 41 0 0 0 0 0 0 0 0 0 0 0 0 0 37 0 0 0 0 0 0 0 0 0 0 0 0 0 0 0 0 38 0 87 68 97 0 0 0
0 0 0 0 0 0 0 0 0 0 0 0 0 0 0 0 0 0 99 14 0 0 0 0 89 0 0 40 0 0 57 0 0 98 0 0 0 0 26 0 0 0 0 0 0 0 0 0 0 0
0 97 0 0 0 0 0 0 0 0 0 0 0 0 0 0 0 0 0 0 0 0 0 0 0 0 0 0 0 0 0 0 61 0 0 0 0 0 0 93 0 0 0 0 0 0 0 0 0 0
0 0 0 0 0 0 0 0 0 0 0 0 0 0 0 0 0 15 0 0 0 0 0 0 0 0 0 0 0 23 0 0 0 0 90 0 0 0 0 0 0 0 0 23 0 0 0 32 0 0
0 0 0 0 0 0 0 0 0 0 87 0 0 0 52 0 0 0 0 0 0 0 24 0 0 0 0 0 0 0 0 0 0 0 0 0 0 0 44 0 0 24 0 0 0 22 0 0 0 0
0 0 25 0 0 0 0 0 0 0 0 0 38 0 0 29 51 0 0 0 0 0 0 0 0 0 0 0 63 0 0 17 0 0 0 0 0 0 0 0 29 0 0 0 0 0 0 0 0 0
0 0 0 0 0 0 0 0 0 0 0 0 0 71 0 0 0 0 0 0 19 0 0 99 0 0 28 0 0 0 0 0 0 0 0 50 0 88 0 0 0 0 0 0 0 0 0 0 0 0
0 0 0 0 96 0 0 0 0 64 0 0 0 0 0 0 0 0 0 0 0 0 0 0 0 0 0 0 0 0 0 0 0 0 0 0 0 0 0 0 0 0 0 0 0 0 0 0 0 0
33 0 0 0 0 25 81 0 0 0 0 0 0 0 0 0 0 0 0 0 0 0 0 0 0 0 0 0 0 0 0 0 0 0 0 0 0 0 0 0 0 0 0 0 0 0 0 0 0 37
Uj=		 [1, 1, 1, 1, 1, 1, 1, 1, 1, 1]
Dk=		 [33 97 25 67 96 25 81 15 69 64 87 41 38 71 52 29 51 15 99 14 19 78 24 99 89 37 28 40 63 23 57 17 61 98 90 50 31 88 70 93 29 24 38 23 87 90 97 32 45 37]
Optim        = 128491
Cost     D2R = 102934
Cost fix D2R = 25557
