Xjk=
0 60 0 75 0 0 0 0 0 0 0 0 0 0 0 0 0 0 0 0 0 0 0 0 0 0 0 0 84 0 0 0 0 0 0 0 0 0 0 0 0 0 0 33 0 0 0 0 0 0
0 0 0 0 0 0 0 0 0 0 0 0 0 0 93 0 0 0 48 0 0 0 0 0 0 0 0 0 0 0 0 0 0 53 0 0 0 0 0 0 0 0 53 0 0 0 0 0 0 0
80 0 0 0 0 43 0 0 0 0 0 0 11 0 0 34 0 0 0 0 0 0 0 0 0 0 0 0 0 0 0 0 0 0 0 0 0 0 0 0 0 0 0 0 0 0 79 0 0 0
0 0 0 0 0 0 0 39 0 0 0 0 0 0 0 0 0 0 0 0 0 0 0 0 0 0 0 19 0 21 0 41 0 0 0 0 0 62 26 0 0 0 0 62 0 0 0 0 0 0
0 0 16 0 0 49 0 0 0 0 0 0 0 0 0 0 31 0 0 0 0 0 0 0 0 0 0 0 0 0 0 0 0 0 0 0 71 0 0 40 12 0 0 0 33 0 0 0 0 0
0 0 0 0 0 0 0 0 0 0 0 16 0 39 0 0 0 0 0 0 0 0 0 0 0 0 0 0 0 0 0 0 0 18 0 29 0 0 0 0 0 0 0 0 0 32 0 0 0 66
0 0 0 0 0 0 0 0 68 0 0 0 0 0 0 0 0 0 0 0 0 21 0 60 0 0 10 0 0 0 0 0 0 0 0 0 0 0 0 0 0 0 0 0 0 0 0 77 0 0
0 0 50 0 0 0 78 0 0 0 0 0 0 0 0 0 0 0 0 0 0 0 0 0 0 21 0 0 0 0 0 0 12 0 0 0 0 0 0 0 0 0 0 0 0 0 0 0 56 0
0 0 0 0 14 0 0 15 0 0 32 0 0 0 0 0 1 25 0 31 26 14 0 0 0 0 0 0 0 0 0 0 0 0 0 0 0 0 0 0 0 89 0 0 0 8 0 0 0 0
0 0 0 0 0 0 0 0 0 37 0 0 0 0 0 0 0 0 0 0 0 40 34 0 73 0 0 0 0 0 20 0 0 0 61 0 0 0 0 0 0 0 0 0 0 0 0 0 0 0
Uj=		 [1, 1, 1, 1, 1, 1, 1, 1, 1, 1]
Dk=		 [80 60 66 75 14 92 78 54 68 37 32 16 11 39 93 34 32 25 48 31 26 75 34 60 73 21 10 19 84 21 20 41 12 71 61 29 71 62 26 40 12 89 53 95 33 40 79 77 56 66]
Optim        = 120306
Cost     D2R = 87831
Cost fix D2R = 32475
