Xjk=
0 0 0 0 0 0 0 0 0 0 0 0 0 0 0 0 0 0 0 0 0 29 0 0 0 0 0 52 0 0 0 0 0 0 0 0 0 0 0 0 0 0 0 0 4 0 0 0 71 0
0 0 74 0 0 0 0 0 0 0 0 0 0 0 0 14 0 0 0 43 0 0 0 0 0 0 0 0 0 0 0 0 0 45 0 0 0 0 0 0 0 0 0 0 33 0 0 50 0 52
0 0 0 0 0 0 0 0 0 0 0 0 0 0 0 0 0 10 0 0 99 0 0 0 0 0 0 0 0 0 0 0 57 0 0 0 0 0 0 46 0 0 0 0 0 50 0 0 0 0
0 13 0 0 0 0 0 0 0 0 0 89 0 0 0 0 63 0 0 0 0 0 36 0 0 0 0 0 0 0 0 55 0 0 0 1 0 20 0 0 0 0 0 0 0 0 0 0 0 0
15 0 0 0 0 0 0 0 0 0 0 0 0 0 0 0 0 0 73 0 0 0 0 0 0 0 0 0 0 0 0 0 0 0 31 0 0 0 0 0 0 0 0 73 0 0 63 0 0 0
0 0 0 0 0 0 0 0 0 69 0 0 0 0 0 0 0 0 0 0 0 0 0 0 35 36 69 0 0 0 0 0 0 0 0 0 0 0 13 0 0 83 0 0 0 0 7 0 0 0
0 0 0 0 0 0 0 0 0 0 73 0 0 0 0 0 0 0 0 0 0 0 0 50 0 0 0 0 0 39 67 0 0 0 0 0 18 0 0 0 0 0 0 0 0 0 0 37 0 0
0 0 0 0 0 56 0 0 0 0 0 0 26 0 0 0 0 0 0 0 0 0 0 0 0 0 0 0 18 0 0 0 0 34 0 76 0 0 0 0 0 0 79 0 0 0 0 0 0 0
0 0 0 0 0 0 41 66 48 0 0 0 0 72 64 0 0 0 0 0 0 0 0 0 0 0 0 0 0 0 0 0 0 0 0 0 0 0 0 0 10 0 0 0 0 0 0 0 0 0
0 0 0 85 64 0 0 0 0 0 0 0 0 0 0 0 0 0 0 0 0 0 0 0 0 0 0 0 0 0 0 0 0 0 0 0 0 0 0 0 69 0 0 0 60 0 0 0 0 0
Uj=		 [1, 1, 1, 1, 1, 1, 1, 1, 1, 1]
Dk=		 [15 13 74 85 64 56 41 66 48 69 73 89 26 72 64 14 63 10 73 43 99 29 36 50 35 36 69 52 18 39 67 55 57 79 31 77 18 20 13 46 79 83 79 73 97 50 70 87 71 52]
Optim        = 129755
Cost     D2R = 100318
Cost fix D2R = 29437
