Xjk=
0 12 0 24 0 0 0 17 0 0 0 20 0 0 0 0 0 0 20 0 0 0 11 0 0 0 37 13 0 0 34 39 0 65 0 0 0 0 0 0 0 0 23 12 0 0 15 17 17 0
50 0 0 0 39 0 70 0 39 0 0 0 0 0 0 0 0 0 0 0 0 0 0 0 42 0 0 0 0 0 19 0 0 0 39 38 0 0 0 0 0 0 0 0 0 39 0 0 0 4
0 0 0 0 0 52 0 0 0 0 72 0 0 7 0 58 0 99 0 0 0 0 0 0 0 57 0 0 0 0 0 0 0 0 0 0 0 43 0 0 0 0 0 0 0 0 0 0 0 48
0 0 79 0 0 0 0 0 0 0 0 0 0 0 0 0 0 0 0 0 88 0 0 0 0 0 0 0 71 0 0 0 78 0 0 0 0 0 0 0 56 0 0 0 31 0 0 0 0 0
0 0 0 0 0 0 0 0 0 0 0 0 0 83 97 0 0 0 0 72 0 25 0 0 0 0 0 0 0 0 0 0 0 0 0 0 75 0 0 0 0 0 0 0 33 0 0 0 0 0
0 0 0 0 0 0 0 0 0 73 0 0 0 0 0 0 61 0 0 0 0 54 0 0 0 0 0 0 0 67 0 0 0 0 0 0 0 0 75 62 0 0 0 0 0 0 0 0 0 0
0 0 0 0 0 0 0 0 0 0 0 0 98 0 0 0 0 0 0 0 0 0 0 87 0 0 0 0 0 30 0 0 0 0 0 0 0 0 0 0 0 80 0 0 0 0 0 0 0 0
0 0 0 0 0 0 0 0 0 0 0 0 0 0 0 0 0 0 0 0 0 0 0 0 0 0 0 0 0 0 0 0 0 0 0 0 0 0 0 0 0 0 0 0 0 0 0 0 0 0
0 0 0 0 0 0 0 0 0 0 0 0 0 0 0 0 0 0 0 0 0 0 0 0 0 0 0 0 0 0 0 0 0 0 0 0 0 0 0 0 0 0 0 0 0 0 0 0 0 0
0 0 0 0 0 0 0 0 0 0 0 0 0 0 0 0 0 0 0 0 0 0 0 0 0 0 0 0 0 0 0 0 0 0 0 0 0 0 0 0 0 0 0 0 0 0 0 0 0 0
Uj=		 [1, 1, 1, 1, 1, 1, 1, 0, 0, 0]
Dk=		 [50 12 79 24 39 52 70 17 39 73 72 20 98 90 97 58 61 99 20 72 88 79 11 87 42 57 37 13 71 97 53 39 78 65 39 38 75 43 75 62 56 80 23 12 64 39 15 17 17 52]
Optim        = 151040
Cost     D2R = 120667
Cost fix D2R = 30373
