Xjk=
0 0 0 0 14 0 0 0 0 0 0 1 11 39 0 0 0 25 0 0 26 0 34 0 0 21 10 0 0 21 0 0 12 0 0 0 0 0 26 0 12 0 0 0 0 0 0 0 0 0
0 0 0 0 0 0 0 0 0 0 32 15 0 0 0 34 32 0 48 0 0 0 0 0 0 0 0 4 0 0 20 0 0 0 0 29 0 0 0 0 0 0 0 0 33 0 0 0 0 0
0 60 0 0 0 0 0 0 0 37 0 0 0 0 0 0 0 0 0 31 0 0 0 60 0 0 0 15 0 0 0 0 0 0 0 0 0 0 0 0 0 0 4 0 0 40 0 0 0 0
0 0 0 0 0 0 0 54 0 0 0 0 0 0 0 0 0 0 0 0 0 0 0 0 0 0 0 0 0 0 0 41 0 0 0 0 0 62 0 40 0 0 49 24 0 0 0 0 0 0
0 0 66 0 0 0 0 0 0 0 0 0 0 0 0 0 0 0 0 0 0 0 0 0 0 0 0 0 0 0 0 0 0 0 0 0 0 0 0 0 0 0 0 71 0 0 0 0 49 66
0 0 0 0 0 0 0 0 21 0 0 0 0 0 0 0 0 0 0 0 0 75 0 0 0 0 0 0 0 0 0 0 0 71 0 0 0 0 0 0 0 89 0 0 0 0 0 0 7 0
0 0 0 0 0 0 0 0 47 0 0 0 0 0 0 0 0 0 0 0 0 0 0 0 0 0 0 0 0 0 0 0 0 0 0 0 33 0 0 0 0 0 0 0 0 0 79 77 0 0
0 0 0 0 0 0 78 0 0 0 0 0 0 0 0 0 0 0 0 0 0 0 0 0 40 0 0 0 0 0 0 0 0 0 61 0 38 0 0 0 0 0 0 0 0 0 0 0 0 0
80 0 0 58 0 0 0 0 0 0 0 0 0 0 0 0 0 0 0 0 0 0 0 0 33 0 0 0 84 0 0 0 0 0 0 0 0 0 0 0 0 0 0 0 0 0 0 0 0 0
0 0 0 17 0 92 0 0 0 0 0 0 0 0 93 0 0 0 0 0 0 0 0 0 0 0 0 0 0 0 0 0 0 0 0 0 0 0 0 0 0 0 0 0 0 0 0 0 0 0
Uj=		 [1, 1, 1, 1, 1, 1, 1, 1, 1, 1]
Dk=		 [80 60 66 75 14 92 78 54 68 37 32 16 11 39 93 34 32 25 48 31 26 75 34 60 73 21 10 19 84 21 20 41 12 71 61 29 71 62 26 40 12 89 53 95 33 40 79 77 56 66]
Optim        = 142517
Cost     D2R = 106899
Cost fix D2R = 35618
