Xjk=
0 0 0 0 0 0 39 0 0 0 0 0 0 86 0 0 0 0 0 0 0 0 0 0 0 0 0 0 0 0 0 0 0 0 0 0 0 0 0 0 0 13 0 0 0 0 0 0 0 52
0 0 0 0 0 0 0 0 0 0 0 0 0 5 0 95 0 0 0 51 64 0 0 0 0 0 36 11 60 0 0 0 0 0 0 0 0 0 0 0 0 0 0 0 0 0 0 84 0 0
0 0 0 0 0 0 0 0 0 0 0 0 0 0 0 0 0 83 0 0 0 39 0 0 0 0 0 0 0 0 0 0 0 0 0 0 0 0 0 31 0 0 0 0 0 0 0 0 0 0
0 0 0 0 0 0 0 0 0 0 0 0 0 6 44 0 0 0 0 0 0 0 0 0 0 0 0 0 0 0 29 0 50 68 0 0 0 88 0 0 0 0 0 0 0 100 0 0 42 0
0 0 0 0 22 0 0 0 33 0 0 0 0 0 0 0 0 0 0 0 0 0 0 48 0 0 0 0 0 0 0 0 0 0 0 0 0 0 0 0 0 0 0 26 20 0 0 0 0 0
0 0 0 39 0 16 0 0 0 80 0 60 0 0 0 0 0 0 0 0 0 0 40 0 0 80 0 0 0 0 0 0 0 0 0 0 0 0 0 0 0 0 0 0 0 0 0 0 0 0
53 36 0 0 0 0 0 81 0 0 0 0 98 0 0 0 0 0 0 0 0 0 0 0 0 0 0 0 0 0 0 0 0 0 31 38 0 0 70 0 0 0 0 0 0 0 0 0 0 0
0 0 0 0 0 0 0 0 0 0 31 0 0 0 0 0 20 0 0 0 0 0 0 0 0 0 0 0 0 0 0 0 0 0 0 0 0 0 0 0 0 0 0 0 0 0 0 0 0 0
0 0 0 0 0 0 0 0 0 0 0 0 0 0 0 0 0 0 0 0 0 0 0 0 34 0 0 0 0 69 0 0 0 0 0 0 18 0 0 0 83 0 0 0 0 0 32 0 0 0
0 60 30 0 0 0 0 0 0 0 0 0 0 0 0 0 0 0 24 0 0 0 0 0 0 0 0 0 0 0 0 57 0 0 0 0 0 0 0 0 0 0 12 0 0 0 0 0 0 0
Uj=		 [1, 1, 1, 1, 1, 1, 1, 1, 1, 1]
Dk=		 [53 96 30 39 22 16 39 81 33 80 31 60 98 97 44 95 20 83 24 51 64 39 40 48 34 80 36 11 60 69 29 57 50 68 31 38 18 88 70 31 83 13 12 26 20 100 32 84 42 52]
Optim        = 122758
Cost     D2R = 94489
Cost fix D2R = 28269
