Xjk=
17 0 13 0 17 0 0 18 0 0 0 13 0 0 0 45 20 0 0 0 0 12 0 11 11 0 32 0 0 0 0 0 0 0 0 12 0 30 0 0 0 0 0 22 0 0 0 15 11 0
0 0 0 0 0 0 0 0 0 28 35 0 0 63 0 0 0 0 2 0 0 0 0 0 0 0 26 52 45 0 0 0 0 0 0 0 0 0 0 0 44 0 0 0 0 0 0 0 0 0
0 0 0 0 0 0 52 0 0 0 0 0 0 0 0 0 0 56 34 0 0 0 0 0 0 0 0 0 0 37 59 0 0 0 0 0 0 0 0 0 0 0 0 0 0 0 47 0 0 24
0 0 0 0 0 0 0 0 44 0 0 0 0 0 0 0 0 0 0 0 0 0 34 0 0 34 0 0 0 0 0 0 0 0 0 0 0 0 0 82 0 41 0 0 49 0 0 0 0 16
0 0 0 75 0 0 0 0 0 0 0 0 82 0 0 0 0 0 0 49 0 0 0 0 0 0 0 0 0 0 0 0 0 0 0 0 30 0 0 0 0 9 0 0 0 63 0 0 0 0
0 0 0 0 0 0 0 0 0 0 0 0 0 0 0 0 0 0 0 0 64 0 0 0 0 0 0 0 0 0 0 42 0 0 76 0 34 0 75 0 0 0 0 0 0 0 0 0 0 0
0 0 0 0 0 79 0 0 0 0 0 0 0 0 57 0 0 0 0 0 0 0 0 0 0 0 0 0 0 0 0 25 0 73 0 0 0 0 0 0 0 0 75 0 0 0 0 0 0 0
0 85 0 0 0 0 0 0 0 0 0 0 0 0 35 0 0 0 0 0 0 0 0 0 0 0 0 0 0 0 0 0 92 0 0 0 0 0 0 0 0 0 0 0 0 0 0 0 0 0
0 0 0 0 0 0 0 0 0 0 0 0 0 0 0 0 0 0 0 0 0 0 0 0 0 0 0 0 0 0 0 0 0 0 0 0 0 0 0 0 0 0 0 0 0 0 0 0 0 0
0 0 0 0 0 0 0 0 0 0 0 0 0 0 0 0 0 0 0 0 0 0 0 0 0 0 0 0 0 0 0 0 0 0 0 0 0 0 0 0 0 0 0 0 0 0 0 0 0 0
Uj=		 [1, 1, 1, 1, 1, 1, 1, 1, 0, 0]
Dk=		 [17 85 13 75 17 79 52 18 44 28 35 13 82 63 92 45 20 56 36 49 64 12 34 11 11 34 58 52 45 37 59 67 92 73 76 12 64 30 75 82 44 50 75 22 49 63 47 15 11 40]
Optim        = 145815
Cost     D2R = 112918
Cost fix D2R = 32897
