/*********************************************
    * Lab01 - FCD_FCR
    * Author: Coso
    * Creation Date: Mar, 2019
    *********************************************/
instance_name = "medium_instance_01_FCD_FCR";

d = 5;
r = 15;

SCj = [319 280 325 315 301];
Fj = [4644, 1816, 1835, 3668, 3618];
Dk = [38 70 85 22 86 63 20 68 86 81 40 19 88 32 37];

Cjk = [[70 83 77 85 65 68 89 44 54 47 47 36 31 67 85]
 [39 81 44 75 60 36 63 42 67 55 34 39 39 82 73]
 [31 88 82 74 76 33 48 46 78 72 56 72 37 62 70]
 [57 60 81 76 31 56 33 46 65 46 42 67 66 64 56]
 [51 30 38 60 32 85 84 48 59 75 44 35 39 67 70]];
Fjk = [[658 428 536 498 620 726 763 715 679 532 499 408 654 305 645]
 [791 366 787 504 449 297 795 567 777 630 649 734 304 734 480]
 [613 747 356 442 482 471 378 339 707 549 505 735 332 451 503]
 [607 388 429 484 829 861 441 732 468 556 860 563 408 461 839]
 [474 795 854 614 813 386 507 707 831 648 295 411 295 692 846]];
