/*********************************************
    * Lab01 - FCD_FCR
    * Author: Coso
    * Creation Date: Mar, 2019
    *********************************************/
instance_name = "medium_instance_13_FCD_FCR";

d = 5;
r = 15;

SCj = [196 200 187 199 198];
Fj = [2924, 2558, 3341, 1398, 1886];
Dk = [62 92 48 85 36 29 41 82 90 12 10 40 40 82 95];

Cjk = [[31 89 53 69 51 63 52 83 80 80 83 36 52 57 83]
 [38 81 62 49 86 30 76 87 53 79 64 54 89 62 61]
 [53 36 70 66 40 56 84 32 30 39 42 51 34 47 82]
 [34 55 69 32 76 46 80 73 44 78 60 47 68 30 70]
 [87 85 78 83 59 87 38 45 58 81 60 50 37 45 79]];
Fjk = [[416 822 667 674 412 394 846 315 475 306 563 556 500 484 424]
 [766 839 873 808 538 781 833 539 692 416 337 823 762 319 489]
 [645 798 637 597 751 557 303 382 585 455 460 843 440 375 743]
 [600 523 536 552 852 439 343 818 516 613 465 794 354 377 382]
 [589 343 901 541 686 407 416 826 472 782 881 791 741 494 849]];
