/*********************************************
    * Lab01 - FCD_FCR
    * Author: Coso
    * Creation Date: Mar, 2019
    *********************************************/
instance_name = "large_instance_24_FCD_FCR";

d = 10;
r = 50;

SCj = [418 422 428 405 419 423 466 438 454 450];
Fj = [3651, 1446, 2173, 3671, 2517, 2218, 2409, 3305, 1716, 3634];
Dk = [41 47 75 41 60 27 43 52 79 44 37 99 40 20 48 29 84 76 70 83 63 30 34 74 87 50 47 90 94 72 14 94 59 56 29 72 66 39 24 78 48 12 53 27 72 33 84 91 54 94];

Cjk = [[39 57 79 83 57 30 39 46 66 62 57 84 79 58 67 54 63 35 58 53 36 48 65 65
  87 70 46 32 48 53 78 61 43 71 63 65 44 57 53 40 47 82 58 45 63 74 50 49
  40 80]
 [42 33 86 39 73 33 55 88 60 39 54 44 34 66 35 74 67 86 78 73 48 89 81 37
  75 44 64 71 86 77 46 53 55 35 62 31 67 63 43 52 54 60 67 73 64 82 48 69
  51 35]
 [49 59 70 80 57 46 50 55 52 38 40 38 61 83 44 74 50 83 52 55 73 42 66 61
  70 47 55 84 43 78 63 52 79 34 45 85 38 82 79 60 48 80 72 43 68 57 76 65
  52 80]
 [33 47 33 60 67 57 73 37 40 36 49 88 76 80 62 34 59 58 32 64 50 68 84 54
  72 33 51 47 52 68 60 86 67 83 32 40 41 45 53 55 66 66 89 42 82 62 40 80
  51 45]
 [79 37 71 53 69 65 69 72 42 62 70 69 44 68 50 35 64 51 50 65 83 67 74 82
  58 53 51 30 61 44 86 74 77 73 65 40 33 39 37 68 72 80 48 31 67 68 54 74
  53 77]
 [44 34 76 42 74 61 41 74 43 74 30 68 63 33 80 58 39 43 38 56 72 63 85 46
  64 67 46 60 69 34 44 63 79 65 76 51 85 71 35 32 75 81 62 31 57 76 69 38
  66 63]
 [38 41 39 58 52 40 39 88 89 57 44 71 75 43 66 56 68 35 35 44 36 55 71 63
  43 34 87 46 86 56 32 33 73 34 58 63 60 75 85 35 40 35 82 75 60 65 47 53
  66 68]
 [45 69 80 70 77 49 70 31 87 84 43 78 59 40 46 53 36 39 39 30 39 63 50 70
  62 86 88 34 40 50 74 76 46 38 82 56 31 63 32 67 64 30 38 54 31 33 69 50
  86 70]
 [52 32 32 71 36 85 84 62 66 69 75 73 88 58 69 75 49 35 80 73 65 80 41 75
  58 74 64 41 80 86 34 86 87 48 61 63 62 81 63 56 69 64 45 89 63 79 79 31
  70 69]
 [82 47 79 81 46 73 34 34 70 84 72 71 52 71 62 41 63 37 38 62 32 43 40 89
  37 75 37 39 76 70 68 59 42 43 58 33 75 82 56 81 89 32 60 73 53 37 55 85
  30 87]];
Fjk = [[840 850 425 576 730 567 459 749 586 413 301 768 836 502 498 793 786 795
  376 708 632 477 485 765 672 418 547 807 734 422 361 377 727 399 720 817
  497 633 850 728 567 307 402 601 429 492 797 341 303 379]
 [328 351 566 553 712 869 307 438 377 348 866 867 557 832 459 803 696 811
  356 420 497 516 742 632 680 753 532 813 635 554 485 626 295 790 626 443
  452 367 699 506 861 313 749 384 455 366 832 404 439 790]
 [445 413 768 376 502 539 431 717 653 798 514 551 661 444 643 425 862 875
  582 686 358 826 448 835 641 594 838 663 422 407 510 594 418 509 627 293
  601 357 503 709 618 709 476 482 779 498 769 451 512 465]
 [388 501 652 588 758 489 634 333 438 356 729 835 644 850 449 778 458 671
  316 590 568 646 814 740 433 722 543 570 817 444 324 789 758 753 779 621
  369 766 807 425 660 831 310 409 390 794 362 697 484 363]
 [613 304 642 632 318 618 528 618 331 578 472 545 659 697 482 779 674 394
  436 323 783 590 871 796 622 482 368 797 602 863 735 548 801 436 472 576
  341 486 520 863 756 811 864 731 408 518 558 594 796 360]
 [688 724 387 491 755 533 318 726 407 627 347 541 386 631 490 553 540 693
  594 751 443 660 711 340 534 323 770 861 517 701 373 378 846 690 358 639
  860 777 724 750 333 516 634 622 591 545 403 749 431 336]
 [633 425 824 319 593 579 522 351 475 420 515 515 874 371 597 437 612 314
  366 432 870 811 455 841 710 711 369 756 435 523 366 858 389 493 406 520
  514 655 613 788 721 455 576 637 582 520 709 390 591 872]
 [345 624 512 604 414 582 318 452 681 374 418 585 864 373 492 360 354 573
  473 441 421 362 435 864 549 866 370 693 574 552 729 688 443 427 707 734
  499 343 476 395 750 378 752 490 598 532 305 754 436 868]
 [365 510 534 400 839 632 777 764 500 331 534 453 488 624 433 673 388 465
  584 346 829 521 559 787 757 662 505 312 622 801 751 863 480 714 576 698
  873 739 401 597 671 401 697 878 620 770 624 770 401 589]
 [476 734 329 507 452 780 572 858 720 599 714 645 734 620 322 843 818 312
  500 384 601 581 577 489 699 836 730 402 864 368 300 376 576 369 743 807
  355 800 386 304 758 417 766 305 412 784 535 466 445 693]];
