/*********************************************
    * Lab01 - FCD_FCR
    * Author: Coso
    * Creation Date: Mar, 2019
    *********************************************/
instance_name = "medium_instance_03_FCD_FCR";

d = 5;
r = 15;

SCj = [296 258 290 275 312];
Fj = [1370, 3395, 1330, 4915, 1976];
Dk = [73 13 95 20 51 25 83 64 84 62 29 14 42 70 80];

Cjk = [[72 53 68 52 86 38 32 89 61 32 60 67 42 68 82]
 [85 61 54 45 85 47 76 50 66 78 84 61 84 71 39]
 [38 61 65 30 59 86 52 73 35 80 65 82 55 41 87]
 [54 37 37 41 72 68 36 69 84 62 67 64 57 54 77]
 [36 70 64 52 43 53 59 48 41 41 51 33 89 81 34]];
Fjk = [[484 449 747 424 515 399 500 414 654 714 411 613 526 760 593]
 [806 440 842 542 791 543 475 531 406 756 358 494 720 679 843]
 [833 482 630 779 325 707 849 424 804 298 586 441 775 844 376]
 [842 320 480 538 330 483 485 454 817 329 715 450 552 888 854]
 [469 510 704 752 593 596 786 470 666 888 556 670 566 438 625]];
