/*********************************************
    * Lab01 - FCD_FCR
    * Author: Coso
    * Creation Date: Mar, 2019
    *********************************************/
instance_name = "medium_instance_07_FCD_FCR";

d = 5;
r = 15;

SCj = [205 212 195 212 235];
Fj = [2698, 4732, 4583, 4098, 1514];
Dk = [85 97 64 11 22 26 96 81 55 20 59 85 34 37 57];

Cjk = [[33 65 60 32 34 33 32 43 38 52 34 83 82 76 47]
 [62 44 74 62 86 43 35 83 50 38 66 30 58 69 76]
 [79 64 37 39 87 69 82 55 35 33 63 71 75 31 44]
 [77 82 60 46 74 83 77 55 49 60 64 56 64 79 77]
 [68 64 51 36 62 74 54 69 47 63 52 42 67 48 85]];
Fjk = [[329 491 312 813 791 362 720 388 388 570 317 557 807 775 867]
 [847 711 798 519 659 705 693 716 653 703 400 334 461 382 380]
 [584 384 857 688 707 857 634 651 789 341 377 737 579 450 854]
 [653 481 583 489 810 330 710 294 473 411 391 635 579 678 650]
 [762 623 835 308 679 448 617 678 319 630 668 644 374 824 591]];
