/*********************************************
    * Lab01 - FCD_FCR
    * Author: Coso
    * Creation Date: Mar, 2019
    *********************************************/
instance_name = "large_instance_13_FCD_FCR";

d = 10;
r = 50;

SCj = [540 566 539 556 499 574 553 538 510 553];
Fj = [2726, 1957, 1387, 1226, 4537, 2207, 4915, 4504, 3580, 3368];
Dk = [100 26 54 45 22 51 26 16 93 28 24 49 12 16 67 76 25 99 87 45 97 99 14 15 76 74 46 73 46 33 54 97 40 17 45 56 56 47 18 85 96 77 88 84 34 36 89 98 46 77];

Cjk = [[86 73 47 60 83 46 85 54 74 49 89 67 47 62 59 44 46 47 42 85 48 61 81 54
  55 82 37 53 65 71 38 54 39 48 31 70 68 66 38 73 64 31 62 61 65 64 45 33
  30 68]
 [31 71 42 49 54 67 64 60 42 67 49 43 60 64 39 34 42 32 77 39 60 32 53 86
  35 61 76 41 81 65 38 62 71 36 82 36 37 42 50 37 59 58 63 48 33 79 71 78
  43 36]
 [46 58 38 60 73 39 74 39 35 49 66 48 82 31 62 75 33 31 70 74 43 51 41 89
  53 61 40 58 54 45 37 62 72 34 89 69 59 41 76 38 59 83 42 69 70 88 32 52
  70 34]
 [50 86 82 49 52 46 62 58 46 71 40 86 50 87 32 36 52 33 54 61 68 52 82 72
  39 82 35 74 89 81 74 70 57 69 31 82 56 76 87 73 70 72 31 55 43 75 87 83
  39 63]
 [67 68 54 88 82 52 56 79 81 57 67 36 36 37 49 87 66 32 31 59 49 64 60 58
  85 87 46 86 54 64 41 62 81 43 47 36 81 32 34 66 45 70 78 42 85 31 48 88
  78 57]
 [64 51 52 75 87 31 61 84 34 85 67 33 80 73 88 80 70 87 44 39 56 63 84 73
  32 31 58 63 36 60 71 43 49 73 32 69 79 35 77 88 72 36 80 83 83 42 37 72
  82 82]
 [57 65 56 35 33 41 86 81 83 30 32 46 53 46 59 49 72 82 83 72 88 49 54 55
  71 47 66 80 63 64 79 61 58 44 73 50 57 76 58 60 31 82 43 39 71 43 60 30
  31 39]
 [78 47 49 63 34 30 60 33 41 56 81 84 57 57 58 61 34 69 30 48 71 56 68 62
  76 62 51 39 54 64 89 55 65 62 62 49 34 68 36 43 60 67 87 35 62 38 78 31
  89 50]
 [73 45 67 43 49 33 65 51 65 48 69 42 45 83 33 46 82 33 66 33 71 39 87 67
  56 78 72 39 48 39 65 32 51 75 89 30 80 30 65 41 45 86 81 37 31 79 80 30
  51 41]
 [70 61 83 34 73 31 83 73 45 57 71 72 77 42 31 86 56 31 43 47 48 36 82 51
  69 68 59 77 81 49 58 39 37 70 86 36 76 54 34 33 41 36 63 52 58 31 67 57
  58 54]];
Fjk = [[341 444 366 764 582 428 531 484 700 454 756 428 474 440 527 375 667 701
  407 645 419 779 704 478 461 794 821 394 555 574 298 726 540 320 359 808
  806 670 420 856 593 758 610 540 431 684 331 544 463 820]
 [741 658 310 702 666 826 730 425 456 562 763 636 324 461 426 857 829 486
  332 545 800 593 432 699 809 366 490 595 804 563 787 414 579 310 669 685
  589 483 745 619 442 394 674 637 378 293 854 843 781 798]
 [329 806 315 552 803 459 376 817 321 368 320 453 333 587 631 642 372 584
  441 470 609 548 475 831 521 800 504 501 437 459 526 450 752 810 656 503
  325 421 502 634 361 833 316 568 491 788 866 391 371 795]
 [322 683 723 582 787 793 401 814 790 292 359 454 644 844 451 343 764 364
  649 527 453 682 544 808 436 657 760 528 705 743 516 658 609 299 390 804
  378 427 406 767 420 660 662 538 393 361 715 639 355 475]
 [615 302 329 697 840 368 833 676 368 666 519 464 693 520 725 472 783 631
  457 402 746 456 326 550 728 686 618 674 428 698 455 643 421 554 550 810
  454 641 721 410 414 517 499 440 673 763 622 395 649 556]
 [391 485 723 343 684 500 452 645 537 313 606 824 753 675 446 622 766 496
  456 304 794 851 595 488 595 354 642 689 805 304 326 810 687 509 373 842
  416 416 570 576 826 556 606 612 813 854 598 553 582 417]
 [401 521 853 589 400 501 648 368 738 627 316 355 775 472 695 767 434 477
  555 356 527 614 638 808 519 411 747 839 578 821 314 355 774 303 393 585
  622 417 666 380 677 360 585 468 594 303 800 732 620 566]
 [641 799 585 556 377 616 830 603 413 830 766 429 831 861 721 860 648 384
  596 820 596 824 438 581 545 611 451 835 545 734 417 688 442 754 783 866
  865 753 373 734 290 589 549 805 374 363 597 488 583 741]
 [509 501 759 854 499 753 557 533 436 374 853 754 371 362 337 529 485 543
  408 472 347 766 339 311 592 633 474 339 775 701 328 422 362 756 800 778
  782 719 542 344 564 371 561 484 843 840 717 541 821 810]
 [533 555 489 759 649 624 583 779 712 675 290 320 803 604 725 796 390 313
  786 330 550 405 302 299 363 687 855 359 465 593 826 755 534 309 854 774
  407 542 555 724 440 632 423 806 555 356 392 637 571 367]];
