/*********************************************
    * Lab01 - FCD_FCR
    * Author: Coso
    * Creation Date: Mar, 2019
    *********************************************/
instance_name = "medium_instance_04_FCD_FCR";

d = 5;
r = 15;

SCj = [267 237 251 237 229];
Fj = [1905, 4740, 4538, 3042, 2710];
Dk = [89 56 66 68 56 25 28 29 31 50 12 94 85 34 55];

Cjk = [[53 75 59 68 84 73 83 49 57 84 53 35 81 37 36]
 [85 86 68 45 81 60 77 81 48 79 64 57 88 63 57]
 [50 89 30 47 76 35 86 54 53 37 30 54 50 31 34]
 [71 77 52 76 56 68 38 38 60 61 67 62 59 52 50]
 [51 54 80 63 82 37 75 40 85 71 81 74 45 89 79]];
Fjk = [[791 610 485 837 627 750 323 601 495 797 659 837 546 833 918]
 [711 340 861 827 480 782 502 840 536 465 733 525 450 785 484]
 [688 847 720 572 811 597 893 569 482 593 713 421 434 617 813]
 [363 812 825 748 696 744 584 416 314 531 717 478 410 805 310]
 [596 833 530 897 881 649 659 502 370 809 478 555 520 455 877]];
