/*********************************************
    * Lab01 - FCD_FCR
    * Author: Coso
    * Creation Date: Mar, 2019
    *********************************************/
instance_name = "large_instance_04_FCD_FCR";

d = 10;
r = 50;

SCj = [433 450 423 459 438 441 442 447 455 398];
Fj = [2339, 1362, 2224, 4751, 1314, 1773, 1001, 3563, 3805, 1792];
Dk = [33 97 25 67 96 25 81 15 69 64 87 41 38 71 52 29 51 15 99 14 19 78 24 99 89 37 28 40 63 23 57 17 61 98 90 50 31 88 70 93 29 24 38 23 87 90 97 32 45 37];

Cjk = [[78 58 60 63 69 62 59 33 31 67 47 89 87 48 40 66 71 56 89 65 34 32 45 82
  85 71 57 80 59 50 61 77 68 77 66 88 53 89 71 34 42 52 82 50 56 85 46 43
  33 66]
 [75 45 56 32 69 44 69 47 42 88 68 46 43 46 85 59 32 57 42 34 65 52 80 36
  56 31 49 85 67 73 83 57 66 60 77 77 39 71 53 88 68 83 48 71 49 38 30 78
  32 61]
 [85 74 55 53 65 71 33 52 33 61 49 73 63 61 50 41 55 88 34 48 89 46 38 68
  32 32 49 31 87 57 41 53 53 39 87 76 56 70 55 64 45 66 86 74 77 73 66 88
  50 30]
 [37 31 57 80 87 59 34 74 32 89 53 74 55 73 65 73 43 85 35 42 84 42 76 55
  64 88 63 42 40 74 72 36 35 54 62 82 38 46 58 31 73 63 44 76 65 41 78 61
  31 46]
 [49 42 58 73 63 88 32 64 49 36 54 55 85 64 71 78 87 33 64 59 79 48 87 81
  81 86 78 57 36 37 41 69 65 50 35 60 79 42 74 79 48 73 35 32 54 68 46 41
  55 44]
 [67 46 66 55 66 47 57 37 51 73 43 59 47 76 30 68 54 48 65 30 46 61 63 35
  68 55 47 89 82 70 46 66 77 40 64 77 89 61 51 48 47 51 55 62 56 55 78 73
  55 35]
 [36 49 41 39 53 49 87 31 49 62 37 41 34 86 35 35 31 33 79 49 76 65 50 59
  89 66 79 86 62 73 84 32 39 51 49 85 67 59 72 84 33 38 72 37 80 49 69 81
  89 48]
 [79 48 80 75 45 89 75 47 89 49 80 47 44 35 61 73 70 41 52 73 85 35 69 33
  39 83 36 73 47 56 74 69 38 45 88 42 67 37 55 78 30 86 56 82 83 58 75 60
  41 53]
 [59 56 82 40 30 76 41 70 77 35 83 84 64 67 66 87 31 57 36 82 59 62 34 50
  50 36 68 67 46 42 46 63 64 74 60 41 71 61 45 59 45 64 74 54 57 70 56 79
  65 36]
 [43 49 84 62 82 35 41 32 37 79 77 89 76 68 51 80 81 36 69 85 68 32 43 41
  46 46 74 64 48 58 82 77 70 50 81 77 61 83 48 73 88 86 64 46 61 43 35 52
  71 31]];
Fjk = [[722 622 775 728 305 570 467 677 314 538 437 756 450 836 502 559 647 530
  761 680 648 529 373 529 652 424 586 388 457 735 486 805 321 837 322 793
  833 412 510 807 616 401 573 391 570 321 531 826 370 570]
 [402 331 326 504 449 549 721 311 493 440 510 296 491 327 735 360 523 553
  855 558 808 543 706 676 558 420 461 424 823 646 309 552 584 804 408 813
  804 597 598 746 595 816 628 750 370 783 566 757 726 777]
 [410 552 416 706 524 818 319 726 675 745 876 876 634 771 324 550 547 699
  304 463 624 771 763 553 716 465 807 493 405 527 339 874 783 628 349 789
  363 600 444 361 604 480 545 330 722 828 512 415 517 418]
 [749 546 667 314 387 801 407 563 471 635 417 713 393 751 366 466 592 415
  572 646 422 411 346 520 306 822 464 505 332 748 814 687 353 562 808 723
  678 575 769 601 721 302 387 709 508 530 808 406 351 512]
 [502 306 534 565 658 722 565 806 346 815 571 729 603 704 332 854 653 580
  473 673 640 737 318 869 352 468 783 613 413 659 667 436 680 787 353 629
  622 354 306 646 460 541 695 321 624 572 738 557 856 508]
 [400 320 671 392 297 743 847 784 529 493 318 415 847 646 566 761 711 564
  647 841 551 715 422 752 813 666 496 615 509 318 525 695 863 782 537 844
  849 878 344 604 746 316 497 700 521 320 447 318 299 518]
 [619 380 457 353 708 541 500 758 461 843 780 799 333 773 735 415 719 315
  771 349 325 396 385 852 697 394 866 743 753 529 586 408 549 812 780 474
  496 630 861 497 321 646 791 641 401 759 559 813 500 456]
 [449 627 724 551 715 596 461 572 494 455 612 711 454 691 706 768 498 325
  432 596 311 661 456 437 476 551 730 646 812 413 598 827 669 416 464 488
  334 657 746 876 870 868 553 471 645 631 345 628 405 459]
 [784 731 367 309 760 367 783 312 873 543 816 724 647 534 632 434 565 426
  744 477 675 331 860 626 741 459 650 542 553 689 773 814 691 767 700 518
  479 569 839 329 610 502 857 383 853 698 667 881 528 729]
 [691 356 840 425 855 464 402 631 373 443 683 570 530 390 795 504 442 494
  778 711 448 473 804 321 756 717 464 482 424 312 879 634 596 577 701 793
  578 387 814 367 884 781 794 811 645 764 644 835 554 410]];
