/*********************************************
    * Lab01 - FCD_FCR
    * Author: Coso
    * Creation Date: Mar, 2019
    *********************************************/
instance_name = "medium_instance_14_FCD_FCR";

d = 5;
r = 15;

SCj = [216 252 244 244 250];
Fj = [1695, 4316, 2807, 1634, 2003];
Dk = [72 82 60 90 26 66 35 91 58 17 27 91 97 17 81];

Cjk = [[35 84 70 75 77 32 84 46 48 88 31 82 58 34 33]
 [45 47 80 86 61 56 88 63 31 44 82 85 62 58 74]
 [73 61 47 60 57 51 32 60 87 49 50 81 70 81 82]
 [38 36 69 75 36 65 87 81 40 76 63 86 86 60 60]
 [58 46 40 31 46 81 64 71 38 41 83 67 63 80 71]];
Fjk = [[771 336 351 530 376 363 467 868 561 784 546 643 916 429 380]
 [797 607 801 364 843 758 319 309 323 768 307 325 326 570 442]
 [509 781 625 904 512 745 827 534 564 627 637 517 406 626 386]
 [913 396 802 392 892 378 710 884 572 630 334 410 765 884 790]
 [831 330 550 687 507 558 766 427 666 544 832 735 560 625 820]];
