/*********************************************
    * Lab01 - FCD_FCR
    * Author: Coso
    * Creation Date: Mar, 2019
    *********************************************/
instance_name = "medium_instance_12_FCD_FCR";

d = 5;
r = 15;

SCj = [271 284 241 247 284];
Fj = [4302, 2277, 2322, 2147, 3358];
Dk = [76 92 82 63 19 74 38 42 34 84 46 13 60 43 32];

Cjk = [[72 76 44 62 81 31 44 35 50 70 76 50 89 39 57]
 [54 72 64 79 53 39 89 49 36 82 71 57 71 40 45]
 [63 59 84 82 36 34 60 35 85 59 82 57 88 30 51]
 [58 53 59 45 31 49 60 87 53 40 38 83 79 77 64]
 [35 77 62 67 32 75 62 83 30 47 48 50 76 57 44]];
Fjk = [[320 807 705 379 531 579 523 747 690 515 520 835 769 843 312]
 [810 831 561 615 776 726 344 338 663 349 523 674 705 703 782]
 [739 673 759 360 725 396 501 490 420 867 746 427 743 322 843]
 [322 718 755 463 340 310 775 512 528 394 345 685 458 765 521]
 [644 822 467 811 816 847 788 560 860 395 567 654 609 391 436]];
