/*********************************************
    * Lab01 - FCD_FCR
    * Author: Coso
    * Creation Date: Mar, 2019
    *********************************************/
instance_name = "large_instance_15_FCD_FCR";

d = 10;
r = 50;

SCj = [454 485 477 473 474 443 449 438 462 414];
Fj = [1643, 1047, 3502, 4115, 4203, 4082, 4747, 2295, 2578, 1436];
Dk = [20 77 61 76 98 27 92 85 44 17 56 62 29 33 40 78 81 91 49 98 62 20 51 73 11 38 61 17 32 25 38 96 36 88 67 52 22 81 71 39 46 78 18 17 71 42 50 57 88 96];

Cjk = [[72 59 86 50 62 85 44 54 42 71 76 35 83 77 58 70 68 50 53 88 89 43 51 61
  54 57 74 48 74 61 43 38 48 52 76 71 53 43 32 65 51 88 82 78 48 62 64 45
  75 75]
 [86 71 43 88 45 67 39 86 56 68 31 51 65 75 67 84 30 78 85 73 34 87 36 57
  74 58 41 71 63 55 87 61 37 59 65 89 62 40 56 75 72 50 43 57 64 61 42 51
  54 82]
 [58 85 85 76 52 81 69 67 66 33 60 51 36 31 41 43 82 77 63 68 77 60 62 63
  78 57 45 81 80 64 55 69 68 88 74 51 60 36 76 46 67 82 71 52 85 73 41 83
  31 60]
 [30 78 85 65 66 88 51 83 56 42 54 61 38 76 52 76 89 71 30 41 69 65 70 55
  32 60 87 56 77 64 40 30 51 82 78 53 69 82 48 47 41 65 41 35 82 80 37 60
  59 73]
 [70 74 62 40 52 41 55 64 51 69 55 34 64 58 43 45 77 47 30 67 37 52 33 81
  45 68 57 89 48 83 75 33 31 81 86 65 57 60 82 55 83 58 52 48 69 50 79 85
  35 63]
 [53 55 37 53 68 83 38 45 40 45 36 88 66 83 37 88 37 46 59 83 79 52 53 76
  63 73 30 51 47 78 36 65 33 51 57 71 79 66 74 84 79 87 67 71 63 32 48 43
  80 49]
 [46 58 89 46 47 69 33 40 53 71 83 35 63 64 35 75 86 43 61 88 35 75 36 43
  88 56 84 54 80 47 40 37 58 34 85 52 63 78 85 68 78 47 58 80 34 85 62 42
  34 53]
 [44 83 79 35 65 60 32 54 61 35 82 53 47 43 53 45 38 73 34 49 32 35 67 37
  81 44 39 44 45 81 80 84 43 77 44 47 49 79 59 70 50 35 85 69 42 42 83 54
  44 58]
 [49 75 60 33 88 64 80 82 81 69 65 79 56 41 83 34 49 51 66 36 81 70 32 81
  66 57 67 49 66 86 57 53 30 50 59 57 30 87 71 36 82 58 50 53 39 71 42 86
  45 31]
 [86 51 34 47 33 59 37 65 81 36 32 70 30 71 47 69 59 48 35 67 55 40 81 89
  53 62 76 51 55 82 85 38 71 62 53 48 50 62 56 57 64 44 32 61 74 52 48 76
  88 71]];
Fjk = [[320 723 574 644 666 848 823 406 845 502 722 562 769 704 535 805 821 706
  455 624 565 440 478 504 414 844 790 847 667 686 345 589 683 675 636 754
  522 358 541 517 332 735 881 457 695 470 793 470 521 748]
 [319 788 603 879 550 510 425 763 802 458 699 706 891 866 356 575 637 326
  415 483 616 491 595 498 311 579 507 317 869 356 311 713 607 619 489 549
  894 587 735 385 680 309 695 377 587 369 716 367 840 410]
 [752 476 800 762 550 822 856 403 727 682 678 576 725 788 711 435 658 356
  322 361 706 547 795 877 434 734 482 344 531 645 602 594 474 306 569 741
  454 340 727 324 803 480 811 449 570 720 755 851 674 457]
 [828 860 876 582 568 743 620 627 471 627 464 489 590 437 328 405 681 695
  825 481 722 844 518 327 301 576 760 616 453 507 605 665 621 389 692 417
  543 302 531 308 433 685 727 770 641 474 307 657 566 586]
 [637 564 542 589 453 811 492 805 701 610 667 510 583 663 311 892 414 671
  613 307 347 642 341 762 394 869 734 588 697 768 785 865 860 829 629 505
  299 593 509 644 795 374 794 312 690 682 881 433 538 893]
 [569 709 552 545 695 313 465 429 331 855 510 465 640 692 756 399 831 381
  862 739 530 612 344 703 860 703 574 705 491 794 434 435 765 356 852 582
  697 750 397 823 741 852 493 434 879 851 426 812 439 516]
 [353 850 303 355 761 312 784 768 318 553 660 397 803 746 523 682 349 314
  529 769 724 692 638 409 864 587 782 513 340 668 549 577 762 514 807 346
  636 527 446 515 375 333 409 303 324 311 625 732 577 726]
 [455 332 691 616 595 398 535 648 696 487 683 728 480 352 483 690 540 587
  442 839 372 546 474 769 648 748 863 552 410 469 737 391 303 599 327 709
  412 389 700 483 858 321 889 406 581 774 702 506 813 886]
 [437 368 616 731 373 513 724 623 593 669 469 597 337 758 301 539 739 303
  447 376 849 716 470 755 649 862 788 540 519 448 420 544 885 623 405 795
  720 455 702 467 369 314 414 537 637 863 614 547 778 791]
 [455 495 445 783 560 434 552 754 722 493 378 768 793 865 300 868 817 818
  485 812 617 363 615 370 574 717 357 568 805 708 394 298 838 502 414 654
  586 418 557 729 503 415 566 299 793 485 698 347 330 876]];
