/*********************************************
    * Lab01 - FCD_FCR
    * Author: Coso
    * Creation Date: Mar, 2019
    *********************************************/
instance_name = "large_instance_14_FCD_FCR";

d = 10;
r = 50;

SCj = [529 568 484 542 526 528 551 528 511 591];
Fj = [2945, 1839, 2973, 1803, 4459, 2819, 4956, 3646, 2245, 1072];
Dk = [61 24 80 72 93 45 41 40 42 89 24 94 53 90 74 59 10 87 83 55 88 83 65 74 40 88 90 82 32 98 85 79 36 92 26 25 72 21 33 24 61 48 16 77 97 78 53 54 14 80];

Cjk = [[88 48 75 31 46 81 60 83 70 74 83 45 50 37 42 32 64 76 67 78 74 75 57 68
  41 73 40 51 76 42 40 38 48 35 54 79 65 79 74 87 59 54 47 46 68 82 80 87
  84 55]
 [34 73 33 76 72 61 69 64 43 69 45 82 65 34 89 80 66 78 67 76 34 56 63 36
  42 32 66 64 45 65 78 71 74 39 47 88 74 53 64 49 81 41 54 30 81 82 50 57
  70 55]
 [58 41 85 69 74 68 78 49 80 70 30 35 43 53 61 65 88 89 86 38 65 31 72 48
  38 79 75 30 33 65 76 65 62 88 58 64 39 42 50 71 54 40 38 36 42 56 45 40
  79 43]
 [48 52 60 57 39 37 36 44 31 45 42 84 58 79 42 64 68 34 83 69 46 32 42 89
  75 44 38 47 74 62 41 78 70 50 49 88 64 31 78 67 45 74 62 47 68 52 34 76
  63 77]
 [33 63 70 52 79 47 85 33 61 37 35 48 30 52 58 72 76 36 67 65 35 52 38 63
  86 84 71 69 83 51 61 76 34 42 43 79 60 79 49 85 57 31 44 64 59 76 34 60
  53 50]
 [63 55 79 77 51 36 68 43 85 86 65 50 84 62 37 81 66 72 42 76 52 45 67 57
  69 47 84 48 82 64 66 47 47 33 79 39 37 58 76 39 73 87 73 67 59 88 73 80
  79 74]
 [51 87 56 36 42 87 53 81 74 61 54 30 50 49 56 70 43 69 78 46 54 88 60 35
  35 32 50 32 88 49 57 48 87 48 88 88 83 38 37 67 44 70 53 85 76 59 37 59
  89 43]
 [34 65 74 85 47 70 74 32 56 87 81 55 59 70 57 66 58 69 74 38 75 43 36 62
  68 36 40 72 69 33 71 54 48 53 64 52 88 64 43 39 46 77 51 59 79 86 64 74
  59 61]
 [81 87 89 30 50 60 87 78 40 42 49 80 56 68 71 84 60 36 62 59 79 79 57 46
  77 41 77 53 65 66 68 61 50 70 34 37 44 86 54 40 78 81 51 45 53 61 46 56
  33 40]
 [71 49 68 59 47 37 62 75 69 61 44 32 79 75 33 32 78 82 50 31 87 87 30 80
  36 47 33 65 55 50 81 67 86 69 63 70 40 58 56 88 35 56 61 37 51 69 42 53
  52 62]];
Fjk = [[873 730 748 422 760 665 326 424 538 795 431 645 442 803 642 675 358 331
  332 638 870 732 703 562 477 590 676 406 724 740 419 627 534 537 318 362
  592 865 796 361 596 824 470 732 684 527 811 731 522 410]
 [885 557 338 519 791 769 827 675 382 509 475 529 644 686 867 883 853 664
  547 308 463 406 383 695 451 610 657 785 761 758 779 429 805 657 504 837
  868 399 443 488 453 756 507 426 588 553 456 651 619 324]
 [647 335 717 636 735 437 708 822 535 682 565 626 401 817 326 301 462 855
  702 385 327 747 551 403 728 864 413 345 890 616 854 866 526 540 378 568
  743 690 420 566 721 694 446 367 843 582 704 679 700 524]
 [643 509 726 464 506 744 475 856 375 790 617 757 335 515 550 419 410 853
  704 542 552 402 465 432 778 361 747 370 753 300 842 789 562 589 298 299
  388 873 435 485 884 606 692 497 378 601 408 581 582 358]
 [310 687 374 826 773 528 312 350 529 476 751 748 638 463 575 714 753 612
  852 679 444 350 344 452 465 444 883 514 598 643 323 622 536 338 526 662
  298 492 876 603 786 772 313 756 763 428 853 652 698 737]
 [794 337 431 759 675 690 561 612 890 403 453 604 461 561 475 402 886 467
  378 677 498 450 810 772 503 803 811 487 650 664 636 472 447 641 563 531
  476 738 302 525 791 700 685 598 328 754 658 563 675 576]
 [739 671 584 441 861 774 648 420 726 300 532 677 439 435 801 881 785 679
  652 887 830 665 782 413 599 472 586 433 734 867 558 874 396 549 471 583
  859 477 439 824 353 755 522 774 742 450 868 585 666 445]
 [627 341 886 449 468 519 718 603 506 615 690 712 522 467 795 752 535 388
  728 818 785 726 690 399 780 345 668 739 711 784 297 297 397 735 724 782
  843 630 528 798 877 634 846 422 776 764 863 335 818 855]
 [348 740 570 785 340 764 609 687 630 573 317 518 375 406 444 672 525 547
  590 615 429 366 659 512 399 552 599 472 677 305 685 556 803 547 644 739
  748 788 688 822 458 705 477 689 623 390 721 729 386 519]
 [716 864 373 714 498 414 536 603 857 315 790 366 587 760 497 814 774 624
  812 442 756 398 381 760 804 887 475 537 606 324 639 508 637 832 549 775
  814 482 321 445 338 654 460 521 490 489 518 479 795 595]];
