/*********************************************
    * Lab01 - FCD_FCR
    * Author: Coso
    * Creation Date: Mar, 2019
    *********************************************/
instance_name = "large_instance_08_FCD_FCR";

d = 10;
r = 50;

SCj = [339 334 336 344 342 359 347 351 350 320];
Fj = [4690, 1784, 2109, 1276, 1370, 1690, 4891, 1808, 3032, 4059];
Dk = [95 27 58 24 96 94 58 70 22 30 19 42 60 87 84 62 13 74 41 58 42 48 57 24 43 84 73 20 100 91 69 56 68 39 86 91 63 91 79 91 25 18 88 14 51 58 75 37 100 61];

Cjk = [[39 48 70 70 31 88 67 82 64 43 65 86 60 47 61 49 39 79 86 36 58 83 77 36
  84 41 75 33 40 41 69 39 41 63 64 89 56 33 67 45 61 77 34 66 34 67 34 36
  41 48]
 [47 88 56 79 55 79 80 42 30 31 67 75 48 89 88 33 44 55 49 58 74 70 79 88
  57 63 50 65 61 31 37 34 33 54 59 34 73 82 61 45 82 46 41 53 35 31 43 69
  60 85]
 [61 60 77 55 72 63 45 67 66 78 56 73 30 53 44 35 78 41 86 32 60 88 50 45
  51 73 48 76 34 51 43 65 57 43 84 48 89 58 71 58 89 74 39 44 83 48 68 37
  68 51]
 [47 49 61 52 33 74 63 30 51 56 51 77 77 30 51 54 37 42 60 82 86 45 48 70
  65 59 55 48 52 86 55 58 70 74 71 60 51 70 40 70 43 81 41 81 31 30 77 37
  38 30]
 [56 82 58 32 42 69 77 71 48 64 49 54 80 88 66 66 66 53 36 66 55 69 43 54
  32 48 82 64 52 42 50 56 88 56 55 30 62 88 59 57 53 72 56 77 50 66 81 71
  53 85]
 [75 87 47 78 57 33 34 30 31 39 84 39 49 32 69 89 87 74 36 56 55 70 75 69
  68 34 61 84 45 61 32 74 37 83 55 30 31 36 52 56 48 86 67 82 72 63 61 30
  40 69]
 [47 84 35 37 33 65 40 80 39 55 49 32 88 89 70 74 66 66 88 33 81 85 58 59
  34 51 77 57 65 75 35 77 43 32 84 86 38 30 64 82 33 50 70 83 79 30 75 67
  63 51]
 [89 40 45 41 47 81 31 62 52 80 60 74 59 47 46 57 59 34 44 55 83 43 87 48
  54 79 79 55 76 81 85 58 75 38 67 70 32 79 79 41 79 54 34 49 63 81 35 30
  34 73]
 [57 68 34 76 35 50 75 69 54 79 47 40 48 87 44 54 69 63 80 65 53 82 82 58
  61 38 36 66 44 77 48 80 65 67 54 87 49 54 36 85 77 40 84 78 72 43 59 82
  85 89]
 [63 74 63 57 50 74 38 45 59 44 54 86 74 75 44 40 37 33 80 48 83 73 76 43
  81 87 47 35 55 49 31 47 44 31 83 78 81 78 36 84 86 49 53 45 75 57 64 66
  75 52]];
Fjk = [[829 745 542 572 791 715 552 334 402 537 347 679 414 501 775 527 765 758
  738 514 638 627 643 822 388 837 414 845 425 734 785 468 432 876 395 620
  753 749 497 404 689 637 603 596 666 752 356 464 384 367]
 [802 796 801 524 569 476 552 431 471 667 676 312 719 790 667 506 790 442
  498 677 362 795 705 523 545 603 670 470 853 666 372 740 313 840 448 488
  666 296 748 793 712 772 668 533 573 786 689 524 639 341]
 [527 867 493 768 576 387 699 344 693 772 439 386 811 363 516 647 877 498
  720 699 758 545 862 823 295 550 718 687 565 387 782 391 762 341 333 543
  345 352 380 672 652 827 837 721 646 431 565 362 463 487]
 [559 740 351 716 417 298 399 841 819 711 850 835 429 693 561 612 296 779
  622 837 799 724 693 380 822 709 433 564 595 631 647 532 727 459 393 565
  810 718 649 515 748 658 615 587 507 413 329 605 462 655]
 [690 448 381 439 856 849 383 549 656 459 449 338 785 337 505 357 748 333
  545 313 560 698 877 740 521 574 721 687 512 591 765 695 317 845 767 574
  495 352 586 697 365 676 436 347 812 488 721 321 748 613]
 [610 787 417 336 600 856 756 583 692 669 427 662 824 577 676 523 734 875
  423 605 779 501 486 730 775 526 797 846 669 768 773 376 368 793 392 351
  454 783 462 609 613 471 671 603 829 399 363 534 768 850]
 [541 391 506 403 461 490 451 534 797 586 606 366 559 696 735 432 325 483
  702 326 645 410 806 844 307 410 369 438 795 421 665 452 611 488 435 307
  516 771 833 746 741 395 643 524 407 790 727 797 463 471]
 [664 417 602 599 870 666 686 444 583 719 312 515 738 561 437 413 813 607
  870 349 409 495 861 520 340 772 467 403 677 676 510 438 592 401 544 508
  790 811 675 817 866 777 806 805 730 538 664 792 844 439]
 [881 529 294 772 517 505 603 444 719 740 809 714 383 391 473 403 743 876
  356 414 813 833 518 859 684 809 380 464 551 422 774 386 640 657 811 559
  789 524 436 346 644 490 538 324 765 541 768 446 554 295]
 [805 517 447 485 600 667 435 659 796 631 485 690 531 866 730 583 695 547
  417 534 748 604 425 348 331 733 739 468 741 566 490 386 628 656 565 388
  649 345 813 308 853 294 296 471 843 316 429 557 793 854]];
