/*********************************************
    * Lab01 - FCD_FCR
    * Author: Coso
    * Creation Date: Mar, 2019
    *********************************************/
instance_name = "medium_instance_02_FCD_FCR";

d = 5;
r = 15;

SCj = [307 329 289 315 311];
Fj = [3758, 4419, 4506, 4578, 4791];
Dk = [13 75 63 79 54 66 61 57 29 37 41 90 26 81 86];

Cjk = [[55 76 82 49 53 76 71 53 53 70 69 54 49 35 82]
 [32 69 53 80 71 62 63 61 38 43 65 31 79 57 69]
 [31 82 61 61 88 52 59 30 39 53 34 41 61 33 72]
 [41 30 52 66 31 39 76 52 85 50 79 70 50 65 63]
 [70 64 50 81 59 71 66 89 43 69 52 35 61 80 78]];
Fjk = [[309 384 438 511 769 427 459 812 588 476 833 681 753 868 668]
 [344 768 587 849 667 613 534 676 816 562 866 355 677 767 646]
 [516 669 434 613 495 333 380 521 479 463 851 828 466 881 512]
 [413 470 753 722 691 665 716 445 295 704 705 599 604 707 779]
 [859 434 441 484 376 820 587 845 591 737 729 705 559 635 767]];
