/*********************************************
    * Lab01 - FCD_FCR
    * Author: Coso
    * Creation Date: Mar, 2019
    *********************************************/
instance_name = "medium_instance_19_FCD_FCR";

d = 5;
r = 15;

SCj = [337 347 345 333 323];
Fj = [1023, 2685, 4380, 3404, 3677];
Dk = [100 62 54 98 93 79 31 33 17 99 25 80 72 94 47];

Cjk = [[83 73 51 63 89 42 57 64 74 87 75 39 86 34 67]
 [67 87 51 42 68 76 37 82 67 89 87 74 86 38 31]
 [31 73 44 66 35 37 76 62 34 71 38 82 56 39 81]
 [65 39 61 71 45 77 59 82 60 69 46 32 68 43 51]
 [77 35 67 48 55 54 39 75 64 80 33 83 68 36 38]];
Fjk = [[307 727 725 588 874 344 301 889 900 790 848 730 873 484 706]
 [636 387 654 626 764 410 814 874 324 710 721 360 434 427 871]
 [402 870 625 606 403 482 839 347 597 882 584 554 332 809 477]
 [475 870 331 770 790 346 492 682 687 688 571 797 799 681 835]
 [865 300 757 310 616 522 892 310 790 332 872 583 414 538 782]];
