/*********************************************
    * Lab01 - FCD_FCR
    * Author: Coso
    * Creation Date: Mar, 2019
    *********************************************/
instance_name = "medium_instance_11_FCD_FCR";

d = 5;
r = 15;

SCj = [314 281 360 341 329];
Fj = [4080, 2725, 1714, 4663, 2861];
Dk = [35 87 46 52 84 88 33 67 79 24 63 14 95 36 43];

Cjk = [[53 60 42 30 68 36 62 68 64 57 82 39 66 45 33]
 [85 65 64 51 40 54 53 86 64 80 44 71 83 37 66]
 [41 81 84 72 88 49 53 68 48 71 69 30 66 46 86]
 [55 30 35 82 39 74 31 68 75 54 86 74 43 67 76]
 [78 44 33 33 51 81 31 55 40 73 69 88 37 79 81]];
Fjk = [[809 454 734 594 490 759 561 798 639 480 435 548 301 462 880]
 [578 822 860 414 486 731 485 852 451 323 601 814 361 316 299]
 [455 444 676 800 747 843 729 298 629 341 518 799 778 754 775]
 [552 629 532 825 605 697 482 769 423 620 356 506 802 695 782]
 [546 627 798 569 388 853 838 540 831 847 569 737 346 344 628]];
