/*********************************************
    * Lab01 - FCD_FCR
    * Author: Coso
    * Creation Date: Mar, 2019
    *********************************************/
instance_name = "large_instance_17_FCD_FCR";

d = 10;
r = 50;

SCj = [512 497 496 502 536 555 487 538 522 518];
Fj = [3299, 4432, 2989, 4138, 2400, 2270, 3050, 2912, 1998, 3901];
Dk = [48 17 19 87 64 58 34 76 70 46 14 94 66 31 49 82 64 72 22 85 64 15 25 28 24 61 59 58 94 29 80 36 93 50 53 92 86 74 23 97 31 57 69 89 100 94 10 39 73 16];

Cjk = [[43 52 69 79 57 58 56 82 41 56 36 59 78 57 46 87 81 38 64 41 80 55 66 81
  89 88 40 44 37 43 73 66 57 39 53 41 38 32 56 41 32 81 50 70 84 40 63 78
  83 74]
 [51 69 78 83 89 88 77 77 62 88 50 73 70 55 80 42 69 80 64 66 54 86 39 35
  58 64 70 47 89 33 57 80 35 36 50 74 66 68 42 57 34 66 46 48 77 52 75 30
  64 37]
 [36 76 70 58 32 35 60 68 85 68 71 52 56 77 57 38 68 68 72 36 42 58 57 83
  75 42 33 33 44 41 88 42 32 85 55 35 37 77 31 30 71 84 58 77 32 65 33 44
  73 37]
 [35 42 88 44 69 67 88 79 63 84 86 69 67 43 74 80 36 86 76 59 76 62 73 40
  54 62 67 56 63 65 48 40 60 54 40 73 80 48 53 69 39 62 59 82 52 86 73 64
  42 86]
 [80 89 86 51 83 77 30 46 63 53 88 44 54 43 44 35 46 38 58 64 73 62 55 59
  48 37 32 32 71 59 76 45 67 39 77 82 87 30 45 85 59 68 88 51 58 88 73 72
  32 71]
 [59 75 67 56 57 64 83 55 37 62 80 59 85 87 71 78 59 71 74 74 82 58 58 87
  84 38 82 62 46 87 38 46 59 33 70 88 45 30 73 31 81 73 62 85 79 56 37 80
  46 76]
 [61 43 67 69 59 30 61 67 52 68 40 52 42 52 42 86 58 34 66 47 57 88 81 85
  36 40 49 37 34 49 89 41 48 59 42 79 54 42 32 45 83 65 83 73 75 85 51 39
  77 88]
 [44 65 43 70 48 56 53 61 85 56 71 54 56 65 45 60 35 60 69 38 87 37 40 81
  74 51 51 83 73 42 48 84 37 75 36 77 40 32 73 65 61 68 77 63 35 61 36 45
  76 61]
 [69 34 68 86 34 70 35 84 57 71 87 40 52 30 66 63 74 62 53 60 57 57 77 77
  36 89 51 34 47 52 61 36 84 80 76 40 35 74 58 76 48 75 60 79 33 76 39 40
  75 70]
 [85 37 35 70 88 41 87 34 56 65 84 88 47 36 74 76 60 78 85 40 41 56 63 38
  88 88 34 67 67 88 76 75 76 38 49 44 53 53 83 40 63 80 45 65 39 31 47 42
  47 45]];
Fjk = [[330 663 615 630 719 322 584 835 778 747 565 631 376 521 804 878 600 562
  784 665 420 744 318 595 852 673 879 619 893 593 661 360 469 426 332 826
  455 775 349 627 405 309 626 838 501 538 325 508 614 770]
 [873 791 874 587 499 694 771 765 766 606 468 674 681 563 810 577 891 602
  787 311 621 624 358 347 425 334 566 843 768 589 377 350 579 558 733 484
  852 303 673 659 530 643 867 548 612 442 630 406 382 798]
 [700 302 378 751 555 480 704 478 522 399 592 639 604 386 454 514 467 303
  750 416 666 495 633 309 771 884 319 518 472 840 607 590 492 680 352 766
  785 500 712 853 430 821 765 675 367 487 321 601 857 309]
 [395 714 418 409 553 574 527 828 407 662 309 727 370 575 449 654 344 592
  884 746 566 406 417 362 638 634 415 366 621 478 712 459 436 479 758 370
  831 517 380 879 315 877 473 374 728 856 628 758 837 877]
 [346 841 726 343 390 500 407 452 331 695 859 472 520 877 501 707 576 621
  691 744 495 626 855 580 394 341 455 547 530 779 637 374 499 587 413 491
  701 878 363 802 617 522 875 513 837 359 400 589 834 327]
 [436 650 708 751 857 824 855 320 892 709 831 785 763 892 603 515 312 869
  542 368 309 349 491 426 478 629 400 445 625 375 549 799 834 849 447 507
  518 892 633 436 523 717 580 836 636 848 767 737 503 507]
 [446 812 823 416 844 570 639 376 673 680 478 816 567 839 334 306 613 390
  445 719 659 760 821 470 391 735 318 762 527 815 683 642 795 408 732 459
  607 511 590 328 431 600 878 805 624 787 525 877 405 804]
 [862 721 489 688 313 654 554 761 345 302 692 592 651 812 660 445 576 316
  491 350 892 819 823 618 726 352 429 402 762 430 559 767 467 472 814 871
  691 780 578 424 338 892 432 371 697 602 489 878 419 894]
 [822 530 890 684 846 332 881 604 370 485 408 714 802 858 618 881 663 794
  881 633 328 763 689 336 689 770 373 357 311 703 410 384 534 843 615 613
  716 710 449 308 365 475 878 855 751 527 551 502 788 818]
 [378 351 748 422 736 749 605 644 719 441 396 583 642 406 594 338 779 514
  819 615 603 446 366 576 718 884 650 674 583 373 755 502 468 506 787 684
  602 402 503 769 865 732 530 886 871 895 728 878 727 548]];
