Xjk=
0 0 0 0 48 0 0 0 20 0 0 0 0 0 0 0 0 0 0 0 0 0 0 0 0 0 0 0 66 16 0 56 0 0 0 0 0 0 0 0 0 20 0 21 0 0 0 0 0 0
0 0 0 51 0 0 0 0 0 0 0 0 0 0 11 0 0 0 0 0 0 0 0 0 0 42 14 0 0 0 0 0 0 0 89 4 0 0 0 0 0 0 0 0 0 0 0 0 0 0
0 58 0 0 0 0 0 0 0 0 0 0 0 0 0 0 7 0 0 0 0 0 98 0 0 0 0 21 0 0 0 0 0 0 0 0 0 0 0 61 0 0 0 0 0 0 0 0 0 0
0 4 0 0 0 0 0 31 0 0 0 0 0 0 0 0 0 38 0 0 99 0 0 0 0 0 0 0 0 0 0 0 0 0 0 0 0 0 0 0 0 0 0 0 0 0 0 0 0 96
25 0 88 0 0 0 0 0 0 0 0 0 0 0 0 15 0 0 0 81 0 0 0 0 0 0 0 0 0 0 0 0 0 0 0 22 0 0 0 0 0 0 0 0 0 0 0 0 53 0
0 0 0 0 0 0 0 0 0 0 0 0 79 0 0 0 0 0 0 0 0 0 0 0 76 45 0 0 0 0 0 0 0 0 0 0 0 0 0 0 0 0 90 0 0 0 0 0 0 0
0 0 0 0 0 0 0 0 0 0 0 0 0 75 0 0 18 0 23 0 0 65 0 0 0 0 0 0 0 0 0 0 0 35 0 0 37 0 0 0 25 0 0 0 44 0 0 0 0 0
0 0 0 0 0 33 0 0 0 66 28 0 0 0 0 0 0 0 0 0 0 0 0 0 0 0 0 0 0 26 46 0 0 0 0 0 0 0 86 0 0 0 0 0 0 0 0 0 0 0
0 0 0 0 0 0 98 0 0 0 0 98 0 0 0 0 0 0 0 0 0 0 0 49 0 0 0 0 0 0 0 0 0 0 0 0 0 0 0 0 0 0 0 0 0 57 0 0 0 0
0 0 0 0 0 0 0 0 0 0 0 0 0 0 0 0 0 0 0 0 0 0 0 47 0 0 0 0 0 0 0 0 34 0 0 63 0 42 0 0 0 0 0 0 0 0 49 63 0 0
Uj=		 [1, 1, 1, 1, 1, 1, 1, 1, 1, 1]
Dk=		 [25 62 88 51 48 33 98 31 20 66 28 98 79 75 11 15 25 38 23 81 99 65 98 96 76 87 14 21 66 42 46 56 34 35 89 89 37 42 86 61 25 20 90 21 44 57 49 63 53 96]
Optim        = 133807
Cost     D2R = 104781
Cost fix D2R = 29026
