Xjk=
0 0 0 0 0 0 70 0 0 0 0 0 98 24 0 0 0 0 0 0 0 0 0 0 0 0 0 0 0 0 0 39 0 65 0 0 0 0 0 0 0 80 0 0 0 0 0 0 0 0
50 0 0 0 0 0 0 0 0 0 0 0 0 66 0 0 0 99 0 72 0 0 0 0 0 0 37 0 0 0 0 0 0 0 0 0 16 0 0 0 0 0 0 0 0 39 0 0 0 0
0 0 62 0 0 52 0 0 0 0 72 0 0 0 0 58 0 0 0 0 0 0 0 0 0 57 0 0 0 97 0 0 0 0 0 38 0 0 0 0 0 0 0 0 0 0 0 0 0 0
0 0 0 0 0 0 0 0 0 0 0 0 0 0 97 0 0 0 0 0 88 69 0 0 0 0 0 0 71 0 0 0 78 0 0 0 0 0 0 0 0 0 0 0 0 0 0 0 0 0
0 0 0 0 0 0 0 0 39 0 0 20 0 0 0 0 0 0 0 0 0 0 0 87 42 0 0 0 0 0 53 0 0 0 0 0 59 43 0 0 0 0 23 0 0 0 0 0 0 19
0 0 0 0 0 0 0 0 0 73 0 0 0 0 0 0 61 0 0 0 0 0 0 0 0 0 0 0 0 0 0 0 0 0 0 0 0 0 75 62 9 0 0 0 64 0 15 0 0 33
0 12 17 24 39 0 0 17 0 0 0 0 0 0 0 0 0 0 20 0 0 10 11 0 0 0 0 13 0 0 0 0 0 0 39 0 0 0 0 0 47 0 0 12 0 0 0 17 17 0
0 0 0 0 0 0 0 0 0 0 0 0 0 0 0 0 0 0 0 0 0 0 0 0 0 0 0 0 0 0 0 0 0 0 0 0 0 0 0 0 0 0 0 0 0 0 0 0 0 0
0 0 0 0 0 0 0 0 0 0 0 0 0 0 0 0 0 0 0 0 0 0 0 0 0 0 0 0 0 0 0 0 0 0 0 0 0 0 0 0 0 0 0 0 0 0 0 0 0 0
0 0 0 0 0 0 0 0 0 0 0 0 0 0 0 0 0 0 0 0 0 0 0 0 0 0 0 0 0 0 0 0 0 0 0 0 0 0 0 0 0 0 0 0 0 0 0 0 0 0
Uj=		 [1, 1, 1, 1, 1, 1, 1, 0, 0, 0]
Dk=		 [50 12 79 24 39 52 70 17 39 73 72 20 98 90 97 58 61 99 20 72 88 79 11 87 42 57 37 13 71 97 53 39 78 65 39 38 75 43 75 62 56 80 23 12 64 39 15 17 17 52]
Optim        = 148790
Cost     D2R = 117099
Cost fix D2R = 31691
