Xjk=
0 0 0 72 0 0 0 0 0 0 0 0 0 90 0 59 0 0 0 0 0 0 0 0 0 0 52 0 0 0 85 79 0 92 0 0 0 0 0 0 0 0 0 0 0 0 0 0 0 0
61 0 80 0 0 0 0 0 42 0 0 0 0 0 0 0 0 0 0 0 88 0 0 74 40 88 0 0 0 0 0 0 0 0 0 0 0 0 0 0 0 18 0 77 0 0 0 0 0 0
0 0 0 0 0 0 0 0 0 0 0 94 18 0 0 0 0 0 0 55 0 83 0 0 0 0 0 82 0 0 0 0 0 0 0 0 72 0 0 0 0 0 0 0 0 0 0 0 0 80
0 0 0 0 93 45 41 0 0 84 0 0 0 0 74 0 0 87 0 0 0 0 65 0 0 0 0 0 0 0 0 0 0 0 0 0 0 0 0 0 0 0 0 0 0 0 53 0 0 0
0 0 0 0 0 0 0 40 0 0 24 0 35 0 0 0 0 0 0 0 0 0 0 0 0 0 0 0 0 98 0 0 36 0 26 0 0 0 9 0 61 30 16 0 97 0 0 54 0 0
0 24 0 0 0 0 0 0 0 5 0 0 0 0 0 0 10 0 83 0 0 0 0 0 0 0 38 0 32 0 0 0 0 0 0 25 0 21 24 24 0 0 0 0 0 78 0 0 14 0
0 0 0 0 0 0 0 0 0 0 0 0 0 0 0 0 0 0 0 0 0 0 0 0 0 0 0 0 0 0 0 0 0 0 0 0 0 0 0 0 0 0 0 0 0 0 0 0 0 0
0 0 0 0 0 0 0 0 0 0 0 0 0 0 0 0 0 0 0 0 0 0 0 0 0 0 0 0 0 0 0 0 0 0 0 0 0 0 0 0 0 0 0 0 0 0 0 0 0 0
0 0 0 0 0 0 0 0 0 0 0 0 0 0 0 0 0 0 0 0 0 0 0 0 0 0 0 0 0 0 0 0 0 0 0 0 0 0 0 0 0 0 0 0 0 0 0 0 0 0
0 0 0 0 0 0 0 0 0 0 0 0 0 0 0 0 0 0 0 0 0 0 0 0 0 0 0 0 0 0 0 0 0 0 0 0 0 0 0 0 0 0 0 0 0 0 0 0 0 0
Uj=		 [1, 1, 1, 1, 1, 1, 0, 0, 0, 0]
Dk=		 [61 24 80 72 93 45 41 40 42 89 24 94 53 90 74 59 10 87 83 55 88 83 65 74 40 88 90 82 32 98 85 79 36 92 26 25 72 21 33 24 61 48 16 77 97 78 53 54 14 80]
Optim        = 159476
Cost     D2R = 127153
Cost fix D2R = 32323
