Xjk=
0 0 0 0 0 0 0 0 0 0 0 0 0 0 0 44 0 0 87 0 0 0 0 0 0 0 0 0 0 0 54 0 0 0 45 0 0 0 0 0 0 77 0 0 0 0 89 98 46 0
100 0 0 0 0 0 0 0 0 0 0 0 0 0 67 0 0 99 0 0 0 99 0 0 76 0 0 0 0 0 0 0 0 0 0 0 0 0 0 85 0 0 0 0 34 0 0 0 0 6
0 0 54 0 0 51 0 0 93 0 0 0 0 0 0 0 25 0 0 0 97 0 0 0 0 0 13 0 0 0 0 0 0 0 0 0 0 47 0 0 0 0 88 0 0 0 0 0 0 71
0 0 0 45 0 0 4 0 0 0 24 0 0 0 0 32 0 0 0 45 0 0 0 0 0 0 33 0 0 0 0 97 40 0 0 0 56 0 0 0 96 0 0 84 0 0 0 0 0 0
0 26 0 0 0 0 22 0 0 28 0 49 12 16 0 0 0 0 0 0 0 0 14 15 0 38 0 73 46 33 0 0 0 17 0 56 0 0 18 0 0 0 0 0 0 36 0 0 0 0
0 0 0 0 22 0 0 16 0 0 0 0 0 0 0 0 0 0 0 0 0 0 0 0 0 36 0 0 0 0 0 0 0 0 0 0 0 0 0 0 0 0 0 0 0 0 0 0 0 0
0 0 0 0 0 0 0 0 0 0 0 0 0 0 0 0 0 0 0 0 0 0 0 0 0 0 0 0 0 0 0 0 0 0 0 0 0 0 0 0 0 0 0 0 0 0 0 0 0 0
0 0 0 0 0 0 0 0 0 0 0 0 0 0 0 0 0 0 0 0 0 0 0 0 0 0 0 0 0 0 0 0 0 0 0 0 0 0 0 0 0 0 0 0 0 0 0 0 0 0
0 0 0 0 0 0 0 0 0 0 0 0 0 0 0 0 0 0 0 0 0 0 0 0 0 0 0 0 0 0 0 0 0 0 0 0 0 0 0 0 0 0 0 0 0 0 0 0 0 0
0 0 0 0 0 0 0 0 0 0 0 0 0 0 0 0 0 0 0 0 0 0 0 0 0 0 0 0 0 0 0 0 0 0 0 0 0 0 0 0 0 0 0 0 0 0 0 0 0 0
Uj=		 [1, 1, 1, 1, 1, 1, 0, 0, 0, 0]
Dk=		 [100 26 54 45 22 51 26 16 93 28 24 49 12 16 67 76 25 99 87 45 97 99 14 15 76 74 46 73 46 33 54 97 40 17 45 56 56 47 18 85 96 77 88 84 34 36 89 98 46 77]
Optim        = 153661
Cost     D2R = 124218
Cost fix D2R = 29443
